159 5177
75 93
42 141
26 113
63 75
9 81
11 30
121 91
68 129
37 111
75 17
33 56
69 109
13 100
122 22
156 63
98 76
136 46
140 149
2 45
44 49
144 139
157 99
64 1
135 132
91 4
47 69
132 77
104 40
119 124
20 101
17 7
34 90
87 126
38 90
98 82
122 66
125 78
22 47
38 84
124 132
79 157
48 144
6 151
78 46
15 68
12 157
137 46
87 44
121 64
44 75
130 46
149 74
158 73
5 18
99 3
123 130
148 2
109 127
108 136
93 32
90 48
32 128
101 30
118 121
125 63
107 130
94 51
30 104
64 132
146 143
108 134
4 150
88 157
147 121
21 54
159 44
66 69
95 144
148 10
130 93
119 39
99 17
119 43
99 98
103 158
62 66
67 32
120 97
81 47
86 8
57 59
58 64
88 42
42 116
132 43
33 114
159 41
113 149
62 155
144 50
33 14
141 112
55 87
142 156
15 133
153 45
26 127
70 74
119 23
148 104
25 146
149 140
130 19
104 39
48 71
154 30
9 106
86 52
116 35
92 147
65 90
18 151
16 112
89 45
149 52
85 50
114 142
152 33
15 111
60 43
117 158
117 94
61 12
11 27
159 92
146 98
45 145
143 97
11 119
102 37
85 17
25 56
157 131
91 139
89 6
113 45
155 147
64 153
138 119
12 44
67 20
143 30
27 128
3 137
38 137
126 25
26 159
21 139
148 82
122 41
154 96
9 86
57 75
52 19
99 34
92 90
71 90
56 81
87 137
101 132
108 83
41 108
156 143
3 43
89 1
36 112
94 133
51 79
109 76
139 35
73 153
20 43
4 145
98 112
110 104
128 116
103 69
5 120
42 120
121 90
23 2
31 18
26 9
121 117
19 116
114 8
74 38
113 10
82 141
27 31
62 150
122 64
50 135
141 151
21 132
48 69
101 141
144 129
34 74
17 28
88 158
50 111
34 148
20 13
106 22
34 28
149 62
26 61
37 32
130 119
80 148
18 122
2 81
79 128
20 144
136 54
155 48
28 157
78 70
66 24
20 118
43 91
159 17
85 54
148 39
1 19
114 48
58 32
129 2
153 88
119 40
137 116
112 67
62 91
117 108
146 25
65 30
39 11
51 146
154 82
83 20
52 88
94 31
94 129
143 123
99 39
111 68
18 75
128 80
150 70
63 70
73 145
2 137
66 159
33 42
71 114
133 151
19 94
121 140
79 147
54 92
142 68
78 41
44 32
21 110
149 24
104 146
23 118
30 79
97 66
69 116
59 138
145 48
26 94
41 32
64 74
34 66
33 133
61 95
110 114
34 27
136 101
66 6
142 51
35 63
99 81
119 110
139 81
125 113
142 40
14 42
65 5
66 47
133 88
79 35
17 105
60 128
143 22
94 49
31 20
126 84
83 102
146 130
122 26
92 96
157 15
24 103
79 98
84 69
33 3
57 116
72 90
52 65
122 112
91 49
135 73
82 88
64 29
76 157
82 80
85 57
10 71
134 99
57 83
18 16
36 5
25 80
156 77
159 48
95 10
65 47
99 93
88 139
50 63
5 94
156 87
119 143
73 49
20 107
46 97
8 85
55 128
98 18
73 81
114 159
157 159
75 147
116 151
56 98
123 48
51 20
152 123
32 122
14 102
134 140
105 94
93 78
91 89
19 24
144 96
33 12
70 69
23 68
7 23
85 13
107 23
54 146
10 24
119 80
88 6
20 73
62 15
30 89
83 8
152 82
69 104
2 157
41 75
98 68
30 119
22 23
118 98
153 15
122 149
57 18
141 121
81 138
100 119
54 144
139 109
124 68
47 98
98 126
91 62
92 132
54 14
6 132
116 155
7 68
55 130
87 149
41 155
73 131
57 78
129 97
27 158
90 12
3 18
142 50
126 94
22 57
32 62
42 105
20 30
142 158
99 20
21 93
147 101
121 22
42 152
68 86
45 65
44 30
132 137
53 25
115 76
7 44
25 153
126 12
107 153
139 5
39 106
25 33
106 142
97 111
122 27
136 73
105 44
157 114
109 134
59 122
68 55
84 130
141 130
66 78
46 139
95 148
153 73
53 155
123 14
81 111
44 22
48 142
102 36
86 142
159 133
142 151
135 38
55 26
75 47
10 31
11 59
30 4
122 7
36 82
11 70
57 80
123 133
140 136
60 77
98 78
40 24
66 41
31 149
74 117
90 26
60 16
100 64
147 99
110 13
6 103
109 3
20 23
99 67
87 150
1 143
78 138
28 7
25 53
62 98
122 126
128 53
150 16
40 155
118 37
90 156
148 150
92 9
89 38
92 37
104 38
118 13
50 147
145 138
33 91
115 43
85 156
154 142
3 54
108 2
93 25
98 10
31 147
17 67
156 8
97 29
118 72
55 67
92 152
56 97
110 46
76 114
130 141
128 52
149 144
72 125
116 63
138 105
141 18
25 132
71 8
84 52
22 105
132 65
121 106
45 97
1 133
53 120
147 36
113 86
87 155
118 52
134 43
100 143
40 13
86 40
16 23
66 118
16 10
43 111
87 142
63 52
27 97
72 133
116 101
110 27
65 10
146 90
37 159
114 73
27 102
129 117
111 51
67 7
120 18
56 115
26 4
126 30
66 77
114 11
27 87
142 11
60 130
62 51
80 124
11 114
125 149
32 157
153 27
22 46
107 138
97 46
46 129
41 86
76 61
120 119
17 153
145 90
93 122
24 6
146 121
122 111
80 154
136 1
6 125
80 7
53 84
50 25
103 48
63 66
39 134
131 42
154 121
44 131
48 36
86 138
66 151
38 28
96 129
6 35
144 9
91 86
41 79
75 101
88 109
8 138
71 82
86 147
86 61
134 137
110 82
156 119
145 127
6 126
126 80
126 98
157 142
101 8
48 132
24 35
55 127
63 2
59 98
126 46
35 73
144 39
148 88
124 118
72 76
77 2
154 13
143 122
155 36
97 47
111 95
8 101
152 69
9 128
47 29
138 35
38 8
141 68
52 122
123 26
34 124
58 51
13 56
29 1
124 44
157 116
6 75
94 37
50 44
103 139
136 19
114 113
57 37
91 76
43 22
129 30
106 148
77 41
59 97
154 26
145 151
133 46
62 55
68 146
90 83
114 131
118 114
46 89
113 19
135 31
44 14
26 27
57 90
3 14
67 27
150 55
106 110
79 81
36 2
156 135
158 37
107 78
156 112
144 68
138 114
131 139
26 65
144 153
116 52
13 54
105 72
9 132
31 141
15 47
109 2
143 68
79 146
84 78
4 102
74 19
68 142
80 31
142 84
48 158
119 48
145 113
8 151
5 23
7 121
58 132
150 119
40 137
146 43
11 127
30 127
27 141
51 152
12 93
60 61
155 132
84 125
26 107
121 65
2 99
43 92
117 31
77 88
49 98
41 50
147 72
24 114
17 5
70 91
132 84
151 11
148 64
141 58
127 8
109 107
136 12
38 108
139 157
31 5
31 71
107 25
54 76
156 116
109 92
33 101
33 159
143 96
66 60
117 126
105 15
64 32
120 73
146 157
110 24
123 80
103 4
101 144
78 8
121 47
25 51
158 45
87 100
124 16
155 137
105 12
100 145
119 17
52 64
123 25
76 57
59 81
81 50
53 12
118 17
79 43
130 8
146 125
87 7
146 91
128 3
45 18
52 32
64 144
14 152
158 29
44 16
32 80
34 132
89 156
53 24
7 128
99 68
19 85
32 117
155 127
100 2
53 60
93 5
6 105
144 22
27 80
23 113
68 109
83 84
126 127
81 116
15 113
104 65
146 4
63 85
138 31
120 94
39 48
76 158
131 80
148 71
103 46
7 42
141 95
16 117
24 111
55 154
110 11
116 15
49 146
60 63
24 77
57 7
143 92
152 70
106 63
10 63
141 30
23 152
41 65
108 152
140 55
157 49
50 74
158 23
5 25
83 96
13 26
7 35
17 57
157 144
145 78
44 105
51 1
14 136
67 34
21 98
69 139
80 136
34 117
36 69
90 85
140 81
129 31
137 16
111 44
104 91
12 99
6 152
139 80
56 84
77 34
138 95
79 33
159 26
8 106
69 51
125 24
50 67
50 48
127 65
152 90
96 146
151 118
136 30
61 147
128 147
93 60
36 68
127 39
136 90
86 129
43 80
63 5
94 59
154 43
18 46
66 12
113 59
51 28
158 32
105 13
42 133
39 131
159 64
158 95
138 5
42 46
82 131
39 73
116 59
143 99
120 45
114 152
99 42
128 112
34 134
91 121
35 33
152 44
91 148
48 111
147 135
65 121
122 63
112 41
20 148
129 120
148 121
38 46
117 16
129 17
84 118
3 31
91 8
149 112
102 58
104 117
48 61
109 116
103 140
46 93
93 6
16 70
86 68
114 21
150 42
3 96
137 111
100 6
143 115
133 136
85 64
156 34
137 97
118 44
75 73
69 50
62 17
103 118
75 8
106 51
86 59
117 80
153 29
32 11
28 23
51 57
46 128
63 145
34 89
48 146
158 35
102 142
123 146
61 127
105 147
111 10
14 82
58 17
36 80
156 115
129 124
59 29
126 3
63 48
122 35
78 113
23 114
63 87
82 37
139 75
22 115
17 66
3 111
76 70
68 14
88 38
45 25
54 22
55 75
132 92
15 156
152 57
143 116
142 1
85 30
141 147
159 2
15 126
15 124
130 14
155 58
116 75
138 107
99 133
32 120
54 80
37 88
74 78
55 71
115 11
150 71
121 41
26 83
17 64
100 20
71 129
56 144
146 62
23 73
116 141
18 128
24 106
108 98
157 51
85 87
37 99
71 143
42 102
35 142
20 119
11 96
16 159
56 51
14 22
68 138
58 155
39 135
28 135
128 135
28 97
2 29
154 148
32 135
14 20
40 22
68 120
18 90
149 21
8 149
19 84
113 17
25 142
134 153
26 155
4 126
7 135
78 79
144 115
85 31
88 124
97 157
47 84
27 7
7 22
107 35
86 9
11 92
47 149
88 8
101 3
132 139
125 33
151 105
91 138
114 41
61 43
95 147
6 32
131 120
115 121
26 66
153 95
157 28
73 97
157 108
110 78
19 90
94 109
61 92
45 52
89 101
10 49
122 146
119 61
16 3
58 99
80 115
155 24
43 87
134 110
140 52
136 120
4 29
140 125
68 59
63 45
84 73
153 69
56 129
67 52
36 57
87 62
6 4
50 36
13 51
74 26
22 122
116 92
43 128
28 1
7 52
99 22
28 62
55 49
30 96
58 1
83 131
44 101
98 79
52 133
49 99
27 25
94 68
81 143
43 86
102 129
126 159
102 54
84 88
85 46
142 59
123 121
140 40
6 115
97 100
115 129
19 61
16 129
92 156
15 86
90 135
94 152
83 152
31 43
25 154
8 35
43 94
156 159
61 66
100 105
144 80
55 89
79 86
148 149
102 9
79 6
16 126
9 97
50 117
88 17
40 77
103 5
142 135
135 39
27 142
115 2
125 39
37 68
92 11
139 26
28 94
147 19
138 2
79 122
70 19
65 154
128 6
133 80
9 116
36 127
120 138
156 40
11 95
146 111
21 101
27 1
97 5
38 49
37 143
57 15
103 117
53 17
149 18
19 18
142 112
137 59
61 131
2 73
58 138
4 31
112 143
83 38
139 23
139 105
75 155
105 75
49 10
44 93
151 69
106 154
146 104
130 132
94 7
34 113
152 85
48 139
112 51
28 69
130 76
5 28
25 124
117 71
14 59
138 141
135 26
5 137
21 118
10 88
156 9
135 54
27 92
8 144
87 152
131 129
82 96
5 65
14 44
66 109
13 148
28 122
84 133
44 146
53 130
8 92
77 61
76 58
13 102
26 13
109 128
54 65
30 61
114 83
63 69
85 153
8 158
117 9
59 30
99 52
62 131
68 50
29 145
16 93
55 129
60 134
125 152
140 100
144 131
29 133
85 37
142 116
47 46
47 36
12 46
86 65
19 135
23 13
34 61
123 5
125 104
106 75
98 31
54 25
12 65
99 114
18 153
7 106
34 63
123 132
42 55
28 46
153 107
136 60
13 97
22 153
121 54
17 37
41 145
38 93
120 77
52 150
15 77
100 38
78 112
26 45
144 136
77 70
146 64
112 126
15 2
131 13
131 85
5 140
36 11
125 43
27 47
93 127
89 2
94 75
14 93
125 10
19 70
149 67
87 124
99 87
114 4
157 100
159 82
36 135
22 117
20 29
37 150
138 135
102 121
72 2
106 44
18 66
20 120
147 79
125 134
27 146
9 63
155 128
67 73
141 20
159 71
27 130
52 136
127 139
57 45
88 25
12 132
157 61
115 62
93 126
11 61
27 117
151 122
20 78
72 47
61 84
48 149
115 132
114 31
93 96
123 33
155 123
116 56
57 20
76 9
88 105
111 31
131 143
109 8
104 95
65 148
69 8
64 6
114 20
11 125
155 23
147 133
10 53
143 95
130 47
72 53
118 64
6 47
70 151
120 5
84 8
59 70
72 15
109 88
131 103
51 36
87 30
6 72
151 102
139 154
92 116
26 122
68 39
100 133
32 41
51 52
95 79
99 156
2 97
15 142
56 111
145 81
23 6
118 57
42 36
8 115
58 8
4 45
14 4
102 91
26 141
132 106
49 157
58 94
42 39
26 90
1 156
30 103
108 37
62 69
43 82
67 18
24 130
116 25
132 71
60 151
20 151
21 15
15 85
9 21
4 85
84 120
113 84
22 15
130 121
35 151
119 120
153 17
12 127
101 84
45 144
146 153
84 42
12 104
48 118
107 116
52 74
78 60
54 11
152 24
60 8
90 21
69 32
92 33
102 40
52 145
44 122
11 36
44 66
144 65
67 60
56 141
128 35
56 45
79 64
97 27
151 18
93 124
58 125
125 61
49 94
72 99
148 101
1 12
75 107
1 71
116 4
35 27
132 107
8 129
123 141
106 124
69 149
112 17
62 96
139 37
13 139
90 117
30 123
89 54
131 45
40 94
80 97
87 127
140 121
105 27
151 27
23 64
151 25
121 133
58 6
34 11
150 21
19 22
113 138
61 151
141 31
90 97
65 131
102 73
84 6
107 57
104 147
37 152
80 85
49 44
135 130
116 27
52 6
102 96
89 4
20 146
157 109
39 8
100 4
87 24
44 37
143 80
34 44
73 3
67 137
101 98
88 33
47 157
11 141
11 34
147 73
108 74
33 131
94 89
146 67
114 66
112 122
138 103
130 69
142 91
79 123
45 134
87 18
30 6
149 110
88 85
36 49
19 136
25 29
95 90
12 8
82 55
144 6
114 120
88 150
50 83
45 34
102 155
41 2
153 129
57 84
70 125
118 101
137 129
105 135
48 156
31 82
74 143
94 99
46 69
61 57
43 65
67 142
52 11
29 126
46 126
143 72
30 32
62 22
154 69
10 79
67 128
145 104
20 93
101 69
22 30
149 96
31 106
43 157
103 14
8 117
15 59
144 124
7 28
73 53
44 60
62 64
58 108
16 82
137 113
59 130
47 54
95 39
152 31
74 37
102 114
159 23
85 28
17 137
47 79
116 118
10 44
108 118
116 98
72 57
91 27
158 54
13 10
81 36
5 118
111 42
48 6
83 109
5 126
152 138
15 131
24 90
16 13
13 23
82 120
16 119
29 130
75 45
120 154
139 123
61 133
87 39
10 39
47 101
135 35
86 108
153 151
154 17
138 13
24 110
51 11
13 66
48 152
103 121
58 87
154 38
102 77
123 1
97 141
129 12
115 41
156 97
80 51
98 159
29 100
21 147
102 95
105 8
122 123
94 113
35 118
13 123
96 102
120 34
13 112
159 42
99 18
68 70
92 101
109 156
21 81
84 155
58 158
4 3
79 94
55 111
131 3
62 60
35 83
96 28
118 47
55 52
30 53
9 76
86 24
17 92
96 25
78 105
88 70
104 144
143 141
25 134
157 20
1 25
124 136
8 81
101 89
82 152
76 155
24 144
20 92
101 140
69 9
112 42
93 136
107 36
86 82
128 67
152 148
38 101
96 97
136 50
46 40
8 27
148 15
44 39
13 120
33 7
90 59
90 57
89 42
78 86
125 68
98 117
14 86
106 130
68 158
40 84
100 54
9 57
98 154
133 42
116 39
14 49
29 120
28 49
109 106
132 51
132 146
58 72
117 122
35 11
132 124
145 61
127 69
61 5
152 150
154 100
101 6
94 10
158 21
98 70
51 140
155 85
112 140
2 54
65 111
157 12
125 4
73 154
145 141
72 42
136 5
89 41
59 136
42 47
86 36
26 124
159 118
151 129
131 156
103 100
20 37
2 56
50 97
69 27
65 77
40 97
147 65
90 95
136 40
61 134
61 118
41 134
52 116
140 76
110 125
69 29
159 115
7 11
110 120
140 102
19 140
33 138
57 72
125 35
114 1
39 88
4 48
156 41
38 92
87 43
125 84
156 67
145 92
8 95
134 2
54 68
149 100
22 54
152 43
37 141
32 156
110 124
38 119
7 78
142 34
130 133
106 118
44 50
101 91
80 117
148 159
142 29
86 29
77 22
81 78
64 12
21 51
106 31
151 152
29 102
154 35
44 51
147 14
20 112
56 53
71 12
121 19
42 13
104 145
82 147
23 86
116 159
9 40
120 95
67 97
70 157
73 85
144 99
65 48
143 114
1 3
125 9
45 111
77 28
65 51
127 150
116 97
6 108
94 132
159 96
155 115
25 60
36 78
131 51
136 58
92 67
82 128
65 27
114 105
131 154
33 22
144 18
55 91
62 124
60 18
9 19
106 155
79 76
71 77
13 36
130 48
40 89
4 96
9 49
81 63
54 30
81 24
20 129
17 107
132 102
113 34
55 107
59 108
57 113
24 65
74 70
11 97
16 35
142 101
118 86
10 47
50 33
11 31
140 124
53 68
16 81
124 106
87 116
130 56
43 67
14 130
72 146
47 67
61 108
151 73
68 60
74 82
113 95
54 4
147 7
8 135
78 4
64 43
156 20
112 109
149 99
28 54
3 135
76 68
70 17
149 132
27 137
32 8
43 95
145 7
64 80
145 28
60 87
86 30
141 36
127 140
128 71
73 68
119 78
97 114
126 145
80 68
100 50
53 51
75 1
43 142
3 148
56 147
7 87
12 149
96 76
10 110
135 64
107 76
154 22
51 64
69 94
59 10
46 51
52 57
28 36
8 26
119 29
14 77
48 84
43 27
39 157
123 30
129 61
47 104
13 15
126 39
76 51
146 139
10 6
132 123
56 73
48 40
46 16
108 90
83 19
132 133
72 118
149 123
148 19
134 14
97 63
74 135
121 37
12 49
87 76
60 118
108 23
110 26
136 154
49 68
81 44
22 137
139 113
150 5
47 159
12 106
19 74
2 107
139 141
127 63
147 15
139 115
109 71
92 128
158 3
134 39
37 22
64 71
89 128
39 93
34 32
73 135
108 38
129 90
10 45
52 96
119 138
34 125
156 19
24 8
10 105
7 159
105 141
4 47
144 138
70 136
41 158
146 107
15 55
34 59
68 81
35 78
90 25
91 150
67 33
133 84
56 37
144 103
108 91
113 15
91 123
103 89
60 79
114 5
30 106
24 44
96 17
88 147
146 41
86 38
51 138
90 70
69 44
126 62
128 7
124 127
150 108
5 81
133 26
71 58
116 103
53 99
120 21
113 44
66 121
110 139
89 124
93 133
31 73
55 115
118 40
145 38
80 141
145 150
11 77
139 58
47 131
158 51
143 104
1 41
69 15
113 98
27 63
129 83
66 30
141 82
155 3
56 113
5 83
27 94
5 50
43 23
147 70
39 75
141 84
85 69
114 133
6 1
17 82
83 150
14 26
135 60
61 25
40 93
141 23
105 155
14 57
134 124
47 19
23 144
156 132
62 14
82 155
89 147
107 10
48 28
12 73
150 54
127 110
136 32
88 131
38 133
94 101
60 115
65 61
70 137
45 63
112 157
101 86
105 97
23 134
57 44
141 125
37 122
93 138
34 76
78 157
95 156
138 53
88 95
128 88
77 115
53 18
155 122
114 55
46 68
138 122
9 11
85 135
10 157
123 82
121 150
14 70
35 14
20 104
139 68
76 106
25 90
86 12
37 134
49 77
98 155
68 2
64 46
40 33
51 157
70 50
107 44
15 79
97 96
22 19
93 104
112 24
123 96
2 58
111 74
130 85
10 26
137 138
106 60
59 113
156 151
72 66
100 106
4 130
136 140
121 118
117 83
72 20
155 81
123 28
103 43
158 89
98 119
149 88
135 127
50 1
91 52
127 41
40 60
5 77
60 11
5 8
3 143
13 96
100 131
155 28
73 17
109 66
120 78
20 94
142 49
116 61
96 100
71 151
59 142
130 128
75 112
111 143
112 33
50 133
69 111
75 152
159 148
14 128
45 40
108 88
35 12
111 158
61 107
8 153
125 16
149 39
53 148
133 135
109 40
39 45
107 125
117 133
110 153
30 65
159 132
121 82
158 41
55 36
123 119
9 36
105 114
30 146
40 82
85 82
3 142
159 90
123 54
124 101
61 76
2 85
78 126
143 8
82 134
98 110
119 112
120 61
68 65
151 132
141 128
131 138
131 88
88 87
136 11
146 105
96 109
61 11
103 70
16 154
130 34
127 105
128 145
36 35
110 51
19 17
139 27
89 94
117 137
80 63
137 55
112 138
135 128
95 12
113 125
104 157
12 86
116 37
61 121
159 153
52 104
116 104
61 97
85 129
51 8
75 34
43 98
53 124
62 57
12 66
43 39
100 7
80 146
63 64
21 76
81 40
34 152
44 88
139 103
51 58
44 57
101 95
2 124
39 118
137 51
148 42
34 5
159 16
155 13
157 124
108 47
40 5
140 114
158 64
40 103
15 7
8 150
151 55
109 73
69 22
111 125
12 76
36 25
33 93
114 118
26 32
133 63
64 134
15 60
37 47
79 59
120 102
120 43
128 37
153 37
132 112
2 68
113 143
78 95
115 152
147 103
107 67
128 42
122 128
33 141
118 159
139 64
42 32
99 123
111 128
1 85
72 31
102 33
34 30
6 42
133 73
49 19
20 70
2 103
15 69
5 27
41 111
25 94
146 82
51 134
110 98
102 72
127 11
26 63
16 63
69 85
25 104
18 94
112 52
125 20
59 109
104 33
156 32
136 106
123 36
41 122
23 67
68 40
103 25
150 38
116 139
53 72
133 38
112 132
36 157
94 62
38 87
143 39
29 77
1 56
77 75
146 53
129 49
108 46
156 18
68 9
81 8
49 54
129 59
39 26
63 40
122 31
74 97
5 39
29 158
126 27
124 112
142 23
82 71
31 107
29 14
117 142
97 64
26 38
21 108
28 96
71 5
14 132
88 35
40 132
117 130
133 83
33 74
125 38
146 18
15 65
89 80
47 99
73 61
13 63
36 150
80 139
56 55
69 78
140 106
113 150
110 152
120 92
120 114
120 37
95 92
83 154
56 35
10 97
52 5
16 28
58 44
40 50
52 146
148 46
56 118
35 110
100 76
101 154
52 125
116 146
134 96
74 77
109 16
108 148
60 35
87 107
106 131
85 106
67 102
91 135
26 98
63 90
56 62
68 74
149 46
120 46
138 27
121 88
151 87
85 62
138 140
141 19
37 117
4 62
96 80
132 103
68 54
2 117
35 134
117 86
34 67
142 58
156 7
58 85
1 60
3 92
21 71
96 81
21 100
4 20
72 17
141 81
67 111
150 106
150 153
124 115
115 143
123 37
73 25
78 135
2 17
38 76
40 95
68 35
56 63
111 140
72 123
40 106
2 12
84 153
119 55
115 159
35 156
66 83
99 137
135 122
84 7
116 107
45 77
120 57
159 120
66 87
87 151
53 50
154 89
67 138
14 88
140 133
139 10
4 79
15 63
136 117
48 63
21 125
110 68
93 129
143 90
125 138
102 86
33 4
136 31
52 132
23 94
3 15
2 1
48 34
154 9
109 34
135 55
94 76
40 148
107 100
31 123
138 145
79 65
149 48
4 146
94 136
124 28
2 131
68 36
123 110
87 110
132 54
5 156
22 87
48 47
8 107
8 1
157 145
102 143
108 149
68 139
54 105
147 29
54 87
142 3
27 5
108 9
24 135
154 74
132 2
84 91
155 99
111 91
96 36
131 149
7 122
81 113
59 44
29 86
114 51
24 154
117 30
100 26
154 60
73 39
145 144
42 56
35 132
39 110
67 65
113 117
126 139
27 35
63 10
11 143
154 156
95 57
67 135
138 159
122 57
33 95
95 127
150 35
121 43
121 25
111 21
157 80
148 14
117 145
9 155
39 64
61 55
46 140
104 132
53 143
70 16
108 62
11 24
73 88
122 147
27 123
82 94
58 124
51 104
28 60
124 90
119 83
146 83
43 117
14 34
92 47
35 122
5 3
10 91
122 45
25 52
38 10
23 148
19 106
155 142
57 96
44 1
124 37
33 61
158 102
3 128
61 1
76 95
1 5
58 159
19 97
82 69
146 15
35 121
150 100
80 88
28 120
98 32
33 75
32 28
111 96
35 72
86 42
123 91
8 62
91 38
56 21
42 118
129 44
128 8
106 62
78 144
112 30
62 72
24 26
117 61
121 9
116 53
24 28
71 42
40 122
147 51
68 125
149 58
137 89
54 12
32 66
80 89
100 25
113 107
121 18
80 114
36 58
99 8
20 103
37 60
151 43
93 8
30 47
26 147
48 12
43 25
59 84
126 117
101 74
146 134
91 152
151 141
146 76
133 129
49 73
127 10
47 26
16 30
15 66
12 107
130 18
37 19
148 41
14 48
5 2
14 32
7 102
28 159
114 38
142 98
68 31
42 17
62 145
142 80
40 4
81 157
108 60
67 155
71 147
77 90
114 46
117 85
72 19
31 4
36 79
13 4
142 105
26 10
128 38
156 139
8 22
106 59
159 75
110 118
156 94
86 93
140 50
4 81
141 159
84 134
111 147
21 56
66 126
38 57
45 80
63 130
77 120
36 152
148 125
119 148
106 120
6 61
76 43
99 159
17 22
98 38
49 35
157 96
25 78
77 17
16 24
82 33
17 135
88 115
72 136
131 46
85 94
69 13
102 139
31 145
127 151
11 7
122 114
104 6
77 109
31 83
30 43
72 151
45 109
88 126
53 16
106 149
51 75
129 27
134 10
91 122
96 5
11 51
40 153
142 92
79 15
122 39
85 123
156 14
68 46
15 134
80 131
21 37
20 24
155 71
46 81
1 121
134 25
5 30
52 94
101 130
24 155
116 84
112 54
63 152
149 79
3 42
9 85
147 49
129 43
55 109
1 116
136 38
101 55
121 152
54 108
152 117
59 117
28 35
70 103
114 112
43 16
5 101
97 49
6 138
147 152
72 83
110 136
44 90
152 28
44 15
19 119
65 155
96 47
25 13
133 49
80 83
101 40
145 86
126 59
92 141
8 15
78 14
141 87
78 67
15 16
50 18
155 15
36 91
142 71
67 121
8 48
26 80
45 117
118 78
23 66
15 19
147 20
110 53
83 117
123 79
95 94
61 105
12 38
40 129
91 126
1 146
69 86
97 102
133 18
154 91
23 79
90 96
74 63
123 134
51 9
125 129
9 140
107 91
26 96
60 136
74 49
90 108
29 85
67 55
45 23
99 96
22 83
91 59
79 84
31 124
23 117
118 43
43 89
145 152
48 33
134 147
9 130
33 130
88 100
5 91
10 18
37 62
135 90
38 150
118 39
42 1
34 108
86 20
43 50
107 120
42 86
97 44
31 21
31 153
23 145
11 35
128 126
53 86
14 119
110 71
130 45
99 116
94 147
3 149
49 112
102 128
56 12
138 90
60 41
59 14
5 68
76 59
7 155
114 7
111 7
85 43
61 45
19 36
129 10
2 148
87 134
93 113
133 75
159 91
4 121
159 7
139 13
84 159
149 83
79 153
158 85
157 73
122 9
30 48
119 99
26 126
157 119
17 20
84 22
105 134
40 92
29 159
91 145
136 156
25 30
144 41
99 134
42 155
136 7
5 13
56 109
24 4
149 117
107 6
120 85
139 4
22 67
141 56
7 138
154 95
30 134
40 45
70 3
148 51
75 74
135 40
21 9
38 20
86 66
46 42
77 157
61 53
26 117
85 138
6 87
39 116
64 72
81 108
81 28
118 70
77 138
55 12
142 46
85 3
102 6
108 144
115 15
86 127
143 102
130 26
63 149
9 129
144 117
83 58
8 58
70 26
81 9
133 92
131 55
39 25
66 107
4 17
141 117
159 39
140 86
53 100
106 77
116 120
18 11
8 37
112 81
52 158
38 159
150 12
80 12
63 121
6 26
113 154
8 45
5 152
146 120
110 107
92 117
70 117
63 104
54 23
140 48
62 58
98 37
31 150
124 140
124 15
26 130
147 26
25 148
13 64
134 150
60 92
45 59
28 124
20 72
138 21
146 108
123 118
66 72
48 56
71 80
13 48
75 121
3 28
129 147
89 26
73 76
16 91
100 69
108 147
138 102
129 29
10 16
54 60
68 67
114 39
96 111
105 91
112 36
93 67
20 7
155 59
105 100
69 123
34 54
50 81
135 27
77 24
155 51
27 28
117 13
4 140
107 13
79 117
153 157
88 44
70 34
83 2
112 136
146 77
4 154
156 62
16 155
130 63
83 91
138 99
54 126
40 149
75 133
19 141
139 158
129 131
148 47
46 30
102 49
144 28
137 9
62 83
55 19
120 32
134 83
88 47
145 3
64 21
105 131
142 13
23 125
83 76
118 109
34 69
61 60
7 3
115 39
61 153
90 16
34 122
149 3
135 79
7 29
97 81
106 39
106 134
109 33
55 117
110 1
133 137
8 140
19 147
153 100
16 72
108 95
56 74
63 27
8 157
53 97
135 99
126 90
20 126
149 35
114 93
113 62
138 150
36 147
67 64
83 36
3 124
94 148
20 2
93 10
98 102
59 62
122 132
113 148
65 156
58 93
85 1
55 79
76 128
49 63
111 137
56 18
134 156
40 115
26 50
127 159
126 45
101 92
23 104
77 153
82 138
55 122
59 63
145 110
108 34
72 71
121 84
93 149
114 108
43 118
107 3
35 148
127 123
43 81
45 81
124 72
126 70
93 143
84 156
23 39
151 126
26 131
121 56
58 76
42 78
129 84
95 125
118 117
129 65
5 47
131 83
31 40
33 119
102 24
140 13
63 42
135 46
42 5
42 147
148 36
34 6
49 103
88 137
58 152
69 120
52 24
26 46
70 75
5 139
7 34
40 135
42 48
69 59
4 107
30 98
146 85
64 53
84 43
74 120
136 56
133 65
101 14
130 29
152 144
5 37
61 148
146 110
23 9
49 150
126 107
26 29
66 3
92 72
9 136
102 69
3 134
80 116
106 17
127 152
104 50
2 134
100 146
157 87
106 111
156 60
49 80
88 118
146 48
38 68
33 29
74 159
119 76
154 135
9 33
84 157
17 154
36 21
64 44
143 63
110 52
27 12
145 54
128 102
107 110
127 43
134 80
13 61
63 55
38 128
119 94
35 5
104 34
101 21
156 84
73 1
122 20
126 130
53 81
74 51
124 17
13 39
65 143
44 121
137 6
23 51
71 88
141 59
104 106
135 30
131 70
100 112
22 109
40 38
12 152
127 153
29 139
35 8
2 121
67 53
129 104
20 130
14 10
96 30
46 136
17 147
121 102
144 13
144 112
149 19
29 52
90 100
102 75
81 80
91 103
66 37
111 109
91 127
106 143
65 93
76 15
132 98
34 91
22 139
95 150
93 140
135 123
125 28
128 76
96 50
19 95
51 82
150 51
17 34
126 38
73 112
69 91
150 22
92 41
98 72
100 35
6 113
7 1
108 66
52 43
53 85
152 128
32 114
27 61
35 105
44 76
15 20
27 39
39 63
68 132
101 65
102 76
88 28
41 82
22 157
58 131
52 105
63 49
145 125
140 142
41 56
74 126
119 133
129 132
2 30
67 131
83 114
18 155
6 24
50 28
54 46
21 144
34 86
119 156
21 120
122 67
15 92
156 102
94 111
28 138
16 53
73 56
43 6
132 70
114 60
86 144
113 38
51 61
34 58
140 32
19 133
13 87
150 19
125 145
153 4
16 45
126 60
26 85
25 91
33 31
76 40
82 142
150 91
48 91
127 103
3 10
25 122
100 139
94 83
107 41
78 37
143 105
93 4
7 95
138 127
141 133
111 127
129 26
159 122
23 83
138 41
35 87
152 23
131 33
7 154
25 84
17 72
81 112
5 70
148 30
142 66
100 147
46 99
140 74
159 57
150 80
25 16
19 72
50 139
53 35
107 34
89 15
9 118
9 35
39 125
155 65
146 49
66 147
141 140
103 142
93 102
23 11
97 61
153 78
8 30
149 56
32 140
111 136
2 158
70 33
49 155
111 63
5 38
136 84
99 1
6 156
119 11
90 39
121 144
94 84
130 81
131 87
157 65
94 41
36 134
72 150
132 80
148 67
14 116
40 118
81 121
122 158
95 128
117 60
48 42
26 16
147 41
104 92
114 106
158 72
11 139
11 80
98 75
3 35
115 26
22 120
42 34
5 55
157 66
16 96
69 35
19 35
112 21
127 112
78 73
60 26
143 43
88 31
69 77
28 32
132 131
17 112
69 128
94 158
32 116
143 146
44 97
100 87
92 130
4 57
98 103
43 60
143 64
27 154
154 87
5 151
147 81
11 150
40 87
126 122
71 136
144 57
64 36
158 91
107 124
95 64
147 105
147 55
114 24
129 118
25 127
59 150
88 146
12 120
91 37
126 19
22 35
59 154
9 56
158 69
85 44
6 31
5 127
81 19
62 76
109 37
14 51
64 92
40 141
87 73
114 126
93 144
56 121
132 149
28 127
11 39
90 15
37 89
115 73
114 79
130 86
158 90
75 57
63 58
158 97
22 85
30 18
96 131
109 95
153 66
95 102
10 99
88 149
54 21
32 1
10 19
14 58
158 19
100 141
15 32
156 96
107 2
75 100
81 107
2 67
44 113
123 102
52 59
132 108
20 135
18 123
62 135
150 145
32 119
85 107
48 109
153 40
117 107
20 17
25 151
54 114
158 61
143 25
97 24
88 41
57 67
146 40
112 3
48 62
24 27
126 49
109 79
118 25
65 62
132 117
43 116
107 105
93 119
144 125
16 118
114 28
146 9
37 43
83 30
74 111
22 96
124 77
87 1
89 117
20 110
16 106
10 138
100 132
60 66
125 120
118 143
26 5
70 40
79 136
47 153
129 72
101 38
95 108
108 32
7 130
130 62
140 15
150 86
28 121
140 92
94 18
11 64
40 44
101 48
87 156
69 6
52 139
49 16
2 86
126 82
7 104
35 21
3 1
148 74
58 144
115 137
94 57
131 148
18 23
135 70
67 48
144 36
106 119
79 82
121 8
158 18
90 79
20 8
81 76
135 74
39 100
68 49
63 102
145 95
128 127
33 104
20 91
17 36
42 10
86 79
154 7
147 142
89 104
34 85
133 106
7 91
128 146
122 25
130 55
57 11
147 117
99 120
8 125
117 146
126 134
103 53
22 151
134 54
91 19
130 35
55 145
103 155
157 72
153 55
73 28
19 111
138 6
111 13
104 82
105 111
64 131
155 89
92 27
81 27
82 116
99 74
62 154
140 59
28 115
82 72
144 73
68 115
52 123
98 109
41 77
107 103
121 23
21 115
50 122
129 3
124 48
153 43
144 14
113 3
112 12
109 25
58 66
12 77
156 23
114 57
56 149
35 143
124 63
113 60
44 95
40 116
24 43
137 13
104 77
34 109
116 132
96 123
119 86
154 86
44 24
126 97
135 11
49 110
27 85
48 140
16 49
43 90
43 114
13 130
6 101
41 3
153 109
142 88
24 34
34 150
49 89
16 102
78 133
55 64
67 37
139 153
5 84
118 30
42 8
73 47
23 127
37 49
4 120
108 42
89 43
21 105
115 95
144 107
28 88
108 36
153 18
70 38
118 89
3 75
83 15
109 19
148 84
103 123
95 7
32 58
3 86
55 47
104 27
113 50
36 149
36 94
132 53
136 26
72 7
64 76
54 132
47 2
159 33
4 101
69 136
22 52
30 90
108 105
71 89
80 102
75 76
35 158
27 37
98 147
47 52
56 80
54 153
111 139
120 128
144 110
108 45
10 43
7 27
114 88
140 26
154 126
110 12
43 113
98 139
27 152
61 18
84 126
55 4
141 16
80 70
147 125
97 73
138 7
74 122
130 75
138 137
117 109
158 134
132 18
124 114
38 40
143 52
17 88
158 14
150 30
26 68
102 38
107 86
68 26
158 15
56 42
133 8
107 128
19 65
66 91
34 53
48 110
58 92
6 104
137 100
133 109
122 60
29 59
92 71
55 102
132 25
119 51
106 26
69 34
126 8
151 42
23 53
44 89
8 41
151 98
12 97
155 18
121 109
50 10
11 93
65 67
69 45
43 1
10 136
157 121
109 121
33 44
59 137
49 117
126 9
49 74
61 103
155 110
56 38
91 64
103 132
35 137
23 44
97 121
13 24
119 159
99 71
31 26
35 6
83 52
25 89
157 139
39 3
102 138
13 113
15 153
47 145
66 115
88 10
100 129
24 109
156 66
19 118
25 37
87 88
63 62
18 89
6 40
70 98
132 83
45 16
102 42
156 86
78 88
121 147
39 126
74 136
85 9
137 17
125 47
59 11
53 77
105 74
72 29
119 57
126 11
76 32
62 133
67 54
121 68
47 12
121 45
71 10
43 141
91 120
103 10
52 12
68 149
143 113
135 53
43 150
28 58
11 45
61 71
145 70
102 99
91 101
148 17
71 22
131 79
66 59
44 155
24 96
119 128
19 93
151 92
153 77
2 27
113 130
140 85
32 45
103 73
91 119
44 108
77 1
128 61
58 18
99 19
110 29
158 27
71 126
9 25
17 148
52 110
59 72
1 92
75 7
123 51
146 142
65 88
126 140
85 102
40 54
125 71
80 101
97 65
76 111
46 13
83 122
82 144
136 41
82 124
5 124
47 93
98 123
139 134
65 127
53 91
149 28
139 142
20 76
40 127
149 107
119 130
157 115
87 133
67 116
75 137
29 81
29 6
150 47
81 21
26 102
143 71
130 33
152 66
45 8
142 4
15 18
14 125
96 88
10 51
15 94
94 128
54 9
29 122
53 66
104 103
48 98
75 12
140 135
33 116
116 124
135 125
10 52
106 100
131 30
107 96
28 19
135 19
124 92
6 136
37 76
27 21
61 123
103 143
34 105
39 153
72 46
1 117
49 51
44 142
60 29
130 24
82 50
146 74
59 82
18 105
123 75
17 146
88 54
156 120
108 6
130 155
15 26
97 15
104 116
113 8
28 98
75 26
97 86
2 155
84 105
56 75
55 50
47 82
42 16
86 122
104 47
57 129
84 20
12 133
43 78
105 154
7 72
103 19
133 7
42 109
156 39
95 43
50 101
123 66
81 119
151 104
73 40
141 45
39 40
129 9
12 82
49 40
60 96
114 49
56 34
93 92
115 45
19 1
116 29
143 29
154 42
134 57
153 61
88 86
158 127
61 49
10 25
79 96
126 87
39 103
41 46
45 88
151 32
145 99
33 32
126 75
1 134
143 55
95 101
113 29
62 123
159 119
134 53
79 68
105 129
25 57
54 147
50 61
36 125
115 54
89 122
28 132
144 15
136 139
95 129
56 126
109 97
106 145
104 4
150 44
110 109
16 151
82 158
53 89
92 146
154 145
24 97
114 10
16 116
69 55
33 109
2 24
153 51
147 45
44 9
134 74
93 41
146 33
112 133
109 131
35 131
130 89
3 33
91 132
50 121
40 29
97 88
30 38
39 147
10 82
56 70
97 8
75 105
6 44
43 83
19 15
8 56
82 68
152 20
155 83
24 148
121 113
31 92
123 44
20 66
85 59
37 91
70 124
71 34
156 103
144 140
89 139
83 16
81 66
31 90
121 114
90 11
136 149
51 62
40 74
108 102
53 141
110 25
106 87
41 88
90 121
96 107
152 10
150 157
7 5
130 7
58 128
23 48
150 23
55 139
138 123
118 8
91 146
69 95
149 6
136 3
30 92
124 65
48 27
65 66
127 143
145 130
52 38
97 57
114 146
25 114
142 137
148 75
67 114
152 2
68 61
54 116
43 28
134 37
98 52
88 55
61 59
139 11
27 104
80 156
84 59
139 69
142 73
29 84
117 46
96 91
19 64
52 130
123 23
69 105
1 22
58 100
63 105
141 129
123 88
4 86
67 21
11 100
123 13
24 127
143 57
40 109
39 35
33 67
26 99
33 113
82 10
103 152
158 60
145 5
30 9
124 133
87 29
151 35
76 13
98 113
146 19
48 60
106 4
100 13
32 67
90 119
92 148
84 24
41 130
27 8
141 61
56 36
150 31
159 31
60 45
128 1
69 108
119 93
100 3
134 88
144 135
113 5
143 134
68 84
59 105
150 84
97 48
37 137
106 33
39 92
158 115
56 48
36 13
78 25
22 98
141 64
139 46
152 13
35 9
17 90
95 111
44 77
127 157
65 101
135 134
55 9
22 55
82 36
136 66
90 7
48 81
53 133
130 150
10 139
29 28
148 68
81 134
100 90
94 32
112 76
136 144
102 125
38 1
147 42
136 152
95 84
158 50
150 39
65 11
97 68
85 5
57 103
34 97
66 32
21 148
86 35
110 64
55 16
20 142
5 6
112 145
11 132
57 94
136 127
4 106
144 155
18 12
152 89
126 158
159 135
61 19
135 85
3 19
57 137
124 61
68 113
109 54
5 17
89 63
133 155
86 135
87 84
75 31
109 58
44 143
102 16
22 150
69 122
56 94
58 46
125 144
75 109
133 103
26 151
63 50
1 26
64 133
2 141
51 151
97 1
127 17
81 84
38 138
70 15
104 52
37 158
69 57
153 49
100 123
101 72
107 90
97 80
8 118
83 34
142 65
87 31
103 36
136 27
150 77
67 94
53 22
159 142
125 102
87 6
37 39
140 28
42 94
87 140
33 68
80 121
48 108
2 74
27 84
29 103
38 152
52 157
86 11
146 50
101 159
92 23
98 66
110 88
148 77
68 69
157 101
126 109
60 108
114 121
140 63
139 57
42 99
153 35
77 27
41 153
149 10
59 13
97 55
31 109
11 43
29 37
112 86
63 132
120 110
144 66
5 56
90 45
159 85
14 113
41 107
19 50
105 157
21 50
4 41
50 108
38 39
94 82
96 119
64 114
13 141
108 101
18 47
47 37
22 142
113 97
4 37
128 115
12 30
100 117
76 142
87 138
59 45
142 22
133 152
67 81
114 18
74 115
33 92
22 125
105 139
89 51
7 139
42 75
35 82
122 90
78 89
37 50
148 116
85 81
82 41
140 20
23 19
31 115
125 133
84 82
127 81
109 122
56 104
47 44
137 102
51 116
94 52
135 10
91 75
115 85
65 133
67 6
110 86
151 91
64 67
66 135
49 52
155 86
94 140
80 152
31 80
114 116
52 79
22 58
95 99
158 11
158 159
30 129
57 50
26 121
9 125
17 9
121 76
85 91
18 98
76 135
79 24
79 143
14 72
115 82
10 42
136 14
122 142
83 153
67 22
52 40
52 151
130 43
16 103
107 99
41 37
115 150
22 145
11 155
56 106
139 101
132 9
68 130
42 159
67 115
3 62
62 29
121 44
65 103
21 82
59 16
24 83
74 2
159 29
52 107
2 101
94 100
142 144
55 92
88 34
22 102
80 37
117 65
114 135
91 17
141 123
29 27
59 73
73 23
77 129
119 14
95 52
58 153
73 86
121 13
9 16
88 30
157 35
76 82
21 112
26 25
26 70
69 14
154 33
56 134
142 152
56 140
112 115
102 39
42 67
147 82
8 102
61 101
127 99
109 114
153 125
30 136
153 128
59 2
31 63
133 5
45 11
112 65
80 125
89 143
158 82
3 7
24 70
62 2
121 58
118 113
41 15
58 82
88 134
41 143
141 35
91 84
83 60
50 68
119 24
26 93
65 89
79 41
14 96
71 117
132 37
29 51
24 105
27 4
80 153
63 124
23 59
64 38
31 94
98 106
87 5
133 141
34 15
133 61
23 10
107 43
126 58
127 59
114 80
132 134
35 1
138 149
67 77
101 158
146 117
112 40
98 118
79 12
32 30
25 121
127 155
8 126
110 150
2 129
52 31
65 38
28 42
125 7
145 73
55 101
71 155
35 125
134 157
44 137
109 69
158 130
128 83
130 87
150 75
51 141
10 17
98 55
86 46
74 31
45 7
126 33
16 12
1 132
107 30
36 29
36 137
48 66
42 38
125 22
147 77
159 65
30 74
83 10
53 93
82 3
127 137
132 140
155 78
152 106
103 39
26 40
11 151
102 78
123 69
67 75
88 46
115 135
141 76
97 138
54 61
33 117
36 111
14 23
14 126
36 64
111 151
81 48
27 54
23 78
151 31
104 10
71 138
50 38
32 24
122 5
79 113
55 151
49 14
109 78
45 90
87 143
66 9
102 105
50 69
17 65
110 135
110 151
37 36
97 158
7 112
151 125
91 12
116 130
47 39
59 22
6 38
80 35
32 29
43 96
148 76
48 64
123 19
59 110
88 49
66 145
105 132
112 53
140 23
129 51
31 67
94 146
137 33
34 39
22 123
49 92
151 2
119 45
38 36
82 117
128 85
150 4
80 126
40 21
34 78
89 73
87 49
10 86
43 138
147 123
119 54
155 119
33 19
81 148
33 82
24 126
42 61
19 82
159 149
28 150
81 109
4 40
80 18
115 27
132 57
107 51
127 113
24 37
17 152
17 123
157 60
94 42
37 10
125 54
79 7
128 138
23 71
27 20
4 129
51 56
159 112
126 26
52 1
67 91
153 24
94 23
82 90
17 149
90 105
97 140
65 151
151 41
71 79
153 144
21 6
51 125
54 75
34 81
66 26
106 15
24 30
129 128
15 154
93 61
15 78
84 49
49 8
151 148
108 25
39 123
105 39
70 133
31 13
43 100
10 115
76 134
11 129
89 120
90 80
147 4
46 82
58 137
113 18
131 63
138 84
72 22
30 55
146 35
70 132
118 36
76 23
123 137
68 37
17 29
96 14
134 3
80 28
27 120
80 13
40 117
47 18
38 127
1 138
137 99
134 45
91 83
152 134
79 32
103 141
147 156
159 152
3 121
7 24
137 147
82 15
106 88
66 155
24 41
85 152
123 148
156 106
96 142
144 63
102 118
56 152
87 45
55 136
74 88
39 37
136 109
69 31
123 156
49 84
4 138
50 20
34 10
116 65
150 72
75 79
100 96
148 6
141 144
68 96
