0
1
2
2
3
6
6
6
6
6
7
9
9
10
11
11
11
13
13
14
14
15
17
18
20
22
23
23
24
28
28
31
31
33
34
37
37
38
39
40
40
41
41
41
42
43
43
44
45
47
47
48
48
48
48
48
48
50
51
56
57
57
57
57
57
57
59
59
61
63
67
68
68
68
70
71
71
71
71
73
73
76
79
83
83
83
84
85
85
86
86
87
87
90
90
90
90
91
95
95
95
95
96
97
99
100
101
101
103
103
103
103
104
104
104
109
110
111
116
121
127
128
129
129
129
130
130
130
130
130
131
134
135
136
136
136
141
141
142
145
147
148
148
149
151
151
152
153
154
155
163
163
163
164
164
164
164
164
166
166
167
168
168
169
170
172
175
175
175
176
176
181
184
184
184
185
187
187
187
188
189
189
193
194
196
197
198
198
201
201
201
202
203
209
210
210
210
211
212
215
217
221
221
222
222
222
222
224
224
225
226
228
229
231
231
231
233
233
235
236
236
236
236
237
238
238
238
239
240
240
243
244
244
245
246
246
247
247
250
251
251
251
251
252
252
252
252
259
259
259
261
261
261
261
261
262
262
264
264
265
265
265
265
270
270
271
271
271
272
274
274
274
274
275
278
279
280
280
283
283
283
283
285
286
286
286
286
286
286
286
286
286
286
286
296
305
305
305
305
310
310
313
313
314
316
316
316
317
319
320
320
321
321
321
321
321
321
323
323
323
323
324
325
326
326
326
327
327
327
330
330
330
331
333
333
335
335
337
339
341
341
341
341
341
341
341
341
341
342
342
342
342
342
343
343
343
343
344
344
344
344
345
348
349
349
349
351
351
351
351
351
351
354
355
355
355
357
358
358
360
361
368
371
382
382
394
394
395
395
395
396
397
397
397
397
397
397
397
400
400
401
401
406
410
412
413
413
415
417
417
417
418
419
420
420
420
423
424
431
433
433
437
439
439
442
442
442
442
444
444
445
448
452
453
454
454
454
456
458
458
459
459
461
462
462
462
463
465
466
466
466
466
469
469
471
471
472
476
476
476
476
476
477
477
479
480
485
486
487
487
487
487
487
488
489
489
489
489
489
491
492
496
497
498
498
498
499
499
499
499
499
501
501
507
507
507
511
511
517
517
517
517
518
518
519
520
524
524
525
526
526
529
532
532
533
534
534
534
534
534
534
535
535
535
535
536
539
540
540
541
541
543
543
543
543
544
544
544
544
544
545
547
550
551
552
553
554
556
557
557
557
563
564
565
567
568
568
572
575
577
577
580
582
582
583
584
587
588
590
592
593
593
595
595
595
595
596
596
596
598
598
598
604
605
606
610
611
611
611
613
614
615
615
615
618
618
619
619
621
623
623
626
628
628
631
631
635
639
639
640
640
641
641
642
643
643
643
646
646
648
648
649
649
649
651
651
651
651
652
656
657
657
657
657
659
659
662
662
662
664
669
670
670
670
670
672
672
672
672
677
678
683
683
691
691
693
693
695
695
699
699
703
703
705
705
705
705
705
706
706
706
706
712
712
712
713
715
715
718
722
722
722
722
724
724
727
730
730
731
732
733
733
736
737
744
746
746
746
746
747
747
748
748
748
750
754
755
756
758
761
761
762
762
765
765
766
766
768
768
768
768
769
770
770
770
770
770
774
774
776
778
782
782
782
784
784
784
786
786
787
787
787
789
794
794
794
794
795
795
795
795
796
797
797
797
800
800
800
800
801
803
803
805
805
808
808
809
811
811
811
811
812
813
817
817
817
817
817
824
824
824
824
826
828
828
832
832
832
832
832
832
833
838
840
842
842
844
844
846
846
847
848
848
849
849
850
850
850
850
850
850
850
853
853
857
858
860
860
861
861
861
861
861
863
865
865
873
876
876
878
878
878
878
879
879
880
882
884
886
886
886
887
887
887
887
888
889
889
889
889
889
890
890
892
894
895
897
898
903
903
903
904
905
906
908
909
909
909
910
910
910
910
911
911
912
912
914
915
915
915
918
919
919
922
924
926
930
930
930
932
932
937
942
943
944
944
944
946
946
949
958
958
959
962
962
963
963
963
964
964
964
964
965
968
968
970
970
970
970
972
973
974
975
975
975
975
976
978
979
979
979
980
981
982
983
986
986
987
988
990
992
997
997
997
997
1001
1005
1005
1005
1007
1007
1011
1011
1012
1014
1018
1019
1019
1019
1019
1021
1021
1022
1022
1023
1023
1023
1025
1026
1026
1030
1035
1035
1039
1039
1040
1041
1041
1041
1041
1042
1043
1043
1043
1044
1047
1048
1048
1050
1051
1051
1051
1051
1051
1051
1051
1051
1051
1058
1058
1058
1059
1059
1059
1061
1062
1063
1066
1067
1067
1067
1067
1068
1068
1069
1069
1070
1070
1072
1074
1076
1076
1076
1077
1077
1077
1077
1079
1079
1079
1079
1081
1081
1082
1082
1083
1086
1086
1089
1089
1094
1094
1094
1097
1097
1097
1097
1097
1097
1097
1097
1097
1100
1101
1101
1102
1103
1104
1107
1110
1110
1111
1111
1111
1112
1115
1119
1121
1122
1127
1127
1130
1130
1130
1130
1130
1130
1132
1134
1134
1134
1135
1137
1137
1137
1138
1140
1144
1146
1148
1151
1155
1155
1155
1155
1158
1158
1158
1160
1164
1164
1165
1166
1168
1170
1170
1170
1172
1172
1174
1176
1177
1179
1179
1179
1179
1180
1180
1182
1184
1184
1184
1184
1185
1185
1189
1190
1190
1190
1191
1192
1194
1195
1195
1196
1201
1202
1202
1203
1204
1205
1205
1205
1207
1211
1212
1212
1212
1213
1213
1213
1213
1214
1215
1215
1215
1217
1217
1218
1218
1218
1221
1222
1223
1223
1223
1223
1225
1225
1225
1225
1226
1229
1231
1235
1235
1235
1235
1239
1239
1239
1239
1241
1244
1246
1246
1247
1247
1248
1248
1248
1252
1254
1255
1257
1257
1257
1257
1257
1258
1258
1259
1261
1261
1261
1261
1261
1264
1264
1264
1267
1267
1267
1267
1267
1270
1271
1273
1273
1273
1277
1277
1277
1278
1278
1278
1278
1279
1279
1280
1282
1282
1282
1283
1283
1283
1283
1285
1285
1285
1285
1287
1287
1289
1290
1290
1290
1293
1293
1293
1294
1295
1295
1295
1295
1296
1296
1299
1299
1300
1300
1301
1301
1301
1302
1305
1306
1307
1308
1309
1311
1311
1311
1311
1311
1311
1311
1312
1312
1313
1316
1317
1317
1319
1324
1324
1325
1326
1330
1331
1334
1334
1335
1335
1338
1339
1339
1340
1342
1343
1343
1344
1344
1349
1349
1349
1350
1350
1353
1353
1355
1355
1356
1357
1358
1360
1360
1360
1361
1361
1361
1363
1363
1363
1363
1364
1364
1365
1365
1365
1365
1365
1365
1367
1367
1370
1370
1371
1371
1374
1375
1381
1381
1382
1384
1385
1386
1386
1386
1387
1389
1389
1389
1389
1391
1391
1392
1393
1394
1394
1394
1394
1397
1398
1398
1398
1398
1398
1400
1401
1402
1403
1403
1403
1404
1404
1404
1407
1407
1416
1417
1418
1419
1423
1423
1423
1423
1428
1429
1433
1436
1437
1437
1439
1439
1439
1439
1440
1440
1442
1442
1444
1445
1445
1445
1447
1448
1449
1449
1449
1455
1455
1456
1463
1466
1466
1466
1466
1466
1469
1469
1469
1470
1471
1472
1472
1472
1475
1476
1476
1477
1477
1477
1477
1477
1478
1482
1482
1482
1483
1483
1487
1488
1489
1491
1493
1498
1499
1499
1499
1503
1506
1506
1506
1506
1506
1506
1509
1510
1510
1510
1510
1510
1511
1511
1511
1511
1511
1513
1513
1513
1514
1516
1516
1516
1517
1523
1525
1526
1526
1526
1529
1529
1530
1530
1530
1530
1530
1531
1533
1533
1533
1534
1534
1537
1538
1542
1542
1545
1545
1545
1547
1547
1547
1547
1549
1550
1550
1552
1557
1557
1558
1558
1559
1559
1563
1563
1563
1565
1565
1566
1566
1566
1566
1567
1572
1573
1575
1578
1578
1578
1580
1580
1580
1581
1583
1584
1584
1584
1584
1584
1584
1584
1585
1587
1587
1589
1589
1591
1591
1594
1596
1597
1601
1603
1605
1606
1607
1607
1607
1608
1609
1610
1610
1610
1612
1612
1613
1613
1614
1616
1619
1619
1619
1621
1625
1625
1625
1625
1625
1626
1631
1631
1631
1634
1635
1636
1637
1637
1640
1640
1643
1643
1643
1645
1645
1646
1646
1647
1647
1648
1648
1648
1648
1650
1654
1655
1655
1656
1656
1656
1658
1659
1660
1661
1663
1664
1664
1670
1670
1670
1671
1674
1675
1675
1675
1676
1676
1676
1678
1678
1678
1680
1680
1680
1681
1681
1681
1683
1683
1683
1684
1685
1685
1685
1686
1688
1688
1688
1690
1690
1691
1694
1694
1697
1698
1698
1698
1698
1700
1702
1702
1703
1704
1704
1704
1704
1704
1705
1706
1707
1707
1708
1716
1716
1716
1716
1717
1719
1720
1720
1723
1725
1725
1725
1726
1726
1737
1739
1740
1741
1743
1744
1744
1746
1751
1751
1751
1751
1751
1751
1751
1754
1754
1759
1760
1761
1761
1761
1761
1761
1762
1764
1765
1767
1771
1775
1776
1776
1776
1779
1780
1780
1782
1783
1783
1784
1785
1785
1785
1786
1786
1787
1789
1790
1790
1796
1799
1801
1802
1804
1804
1804
1807
1812
1813
1813
1813
1815
1822
1823
1826
1826
1827
1834
1836
1836
1839
1839
1839
1840
1840
1843
1843
1843
1844
1844
1845
1845
1845
1846
1848
1848
1848
1849
1850
1851
1852
1854
1854
1854
1854
1855
1855
1859
1859
1859
1859
1859
1860
1860
1860
1860
1863
1864
1865
1866
1868
1868
1868
1868
1868
1868
1874
1881
1881
1881
1881
1881
1883
1883
1884
1885
1885
1886
1886
1889
1891
1891
1891
1891
1891
1891
1893
1896
1897
1897
1897
1899
1900
1902
1902
1904
1905
1907
1907
1907
1907
1907
1908
1910
1910
1910
1910
1913
1916
1919
1919
1922
1922
1923
1923
1924
1924
1924
1926
1926
1926
1931
1933
1934
1934
1937
1938
1939
1940
1940
1941
1942
1942
1942
1943
1943
1943
1944
1952
1956
1958
1958
1962
1963
1964
1966
1967
1967
1967
1967
1967
1967
1967
1971
1971
1972
1973
1976
1976
1976
1976
1976
1978
1978
1978
1979
1981
1981
1981
1981
1981
1981
1982
1983
1984
1985
1986
1989
1992
1994
1996
1999
1999
1999
1999
2000
2002
2002
2002
2003
2006
2006
2007
2011
2011
2013
2013
2014
2014
2015
2015
2020
2021
2021
2022
2023
2023
2023
2023
2024
2025
2026
2028
2031
2034
2035
2035
2035
2037
2038
2038
2041
2041
2041
2041
2044
2044
2046
2047
2047
2052
2053
2053
2053
2054
2058
2058
2060
2063
2063
2064
2064
2065
2067
2069
2071
2071
2071
2072
2074
2074
2077
2077
2077
2078
2078
2082
2086
2089
2090
2092
2092
2092
2093
2094
2096
2096
2096
2096
2097
2100
2103
2103
2103
2103
2106
2106
2106
2106
2106
2107
2109
2109
2109
2109
2110
2110
2114
2114
2115
2116
2116
2117
2117
2118
2120
2121
2125
2127
2127
2128
2128
2129
2130
2130
2131
2131
2131
2132
2133
2133
2134
2136
2136
2139
2143
2148
2148
2148
2148
2149
2149
2151
2152
2156
2157
2160
2160
2162
2162
2162
2163
2166
2167
2168
2168
2168
2168
2168
2169
2170
2173
2173
2173
2174
2174
2176
2177
2177
2177
2179
2179
2179
2180
2183
2185
2185
2185
2186
2187
2191
2191
2192
2193
2193
2193
2193
2194
2196
2197
2197
2197
2197
2199
2199
2199
2199
2199
2200
2205
2205
2206
2208
2208
2208
2210
2211
2216
2216
2217
2220
2220
2220
2223
2224
2224
2224
2226
2227
2228
2230
2230
2231
2234
2236
2236
2237
2237
2238
2240
2242
2246
2249
2249
2249
2250
2250
2250
2250
2250
2250
2250
2254
2255
2255
2255
2255
2259
2264
2266
2269
2270
2270
2270
2273
2273
2273
2274
2274
2278
2279
2279
2280
2280
2282
2282
2284
2285
2289
2289
2291
2291
2291
2291
2292
2293
2295
2295
2295
2295
2295
2295
2295
2295
2295
2296
2296
2297
2301
2301
2304
2304
2305
2306
2307
2307
2307
2307
2310
2310
2310
2310
2310
2310
2310
2310
2310
2311
2315
2315
2316
2317
2317
2318
2318
2320
2320
2320
2320
2321
2321
2322
2324
2324
2329
2329
2330
2332
2334
2336
2339
2340
2340
2340
2340
2340
2340
2342
2344
2345
2346
2348
2349
2349
2349
2350
2351
2351
2352
2357
2360
2365
2365
2371
2374
2374
2374
2375
2378
2378
2379
2379
2380
2385
2385
2385
2386
2387
2388
2388
2390
2392
2395
2395
2395
2396
2396
2400
2400
2402
2405
2405
2405
2405
2405
2405
2407
2407
2407
2407
2408
2409
2410
2412
2412
2412
2412
2412
2413
2415
2415
2415
2415
2417
2419
2419
2420
2421
2421
2423
2424
2429
2430
2432
2432
2432
2436
2436
2438
2444
2446
2447
2447
2448
2449
2449
2449
2451
2452
2455
2455
2456
2461
2461
2466
2466
2467
2467
2467
2469
2471
2471
2473
2473
2474
2475
2475
2475
2475
2478
2479
2482
2484
2484
2487
2487
2487
2488
2488
2490
2492
2493
2494
2494
2495
2495
2495
2496
2496
2496
2501
2501
2501
2509
2512
2514
2514
2517
2517
2518
2519
2519
2519
2520
2520
2520
2520
2521
2522
2522
2522
2524
2525
2525
2525
2525
2526
2526
2528
2529
2533
2533
2533
2534
2535
2537
2537
2539
2539
2539
2540
2542
2544
2544
2545
2545
2545
2548
2548
2548
2553
2555
2559
2559
2559
2562
2562
2565
2568
2568
2574
2574
2577
2579
2579
2586
2586
2586
2586
2586
2589
2590
2590
2591
2591
2592
2593
2594
2598
2598
2601
2601
2602
2604
2606
2609
2609
2609
2609
2609
2609
2609
2613
2613
2614
2614
2614
2615
2615
2616
2617
2623
2623
2627
2627
2627
2627
2628
2631
2633
2633
2633
2633
2633
2633
2633
2633
2634
2634
2634
2636
2637
2638
2638
2638
2640
2640
2643
2644
2644
2645
2649
2650
2656
2656
2656
2657
2657
2657
2657
2659
2661
2661
2665
2666
2668
2668
2668
2669
2670
2671
2671
2671
2672
2674
2674
2674
2674
2674
2674
2677
2678
2679
2680
2683
2684
2684
2685
2685
2685
2685
2685
2685
2685
2685
2688
2690
2693
2693
2697
2698
2699
2700
2700
2700
2700
2700
2701
2701
2702
2703
2704
2706
2707
2707
2707
2710
2710
2711
2713
2713
2715
2715
2717
2717
2717
2717
2722
2722
2727
2727
2728
2729
2731
2731
2732
2732
2733
2733
2735
2735
2735
2735
2738
2739
2739
2745
2745
2745
2745
2746
2749
2749
2749
2751
2751
2752
2752
2753
2756
2757
2758
2758
2758
2760
2762
2764
2764
2765
2765
2772
2772
2775
2776
2777
2777
2777
2777
2777
2780
2783
2785
2787
2787
2787
2787
2787
2787
2791
2793
2797
2797
2798
2799
2799
2802
2803
2803
2804
2804
2804
2806
2806
2806
2806
2806
2808
2811
2812
2812
2812
2812
2813
2813
2813
2814
2818
2819
2820
2821
2821
2822
2824
2825
2825
2825
2826
2827
2828
2832
2832
2832
2836
2836
2839
2839
2839
2839
2839
2840
2840
2841
2841
2842
2848
2848
2848
2848
2848
2850
2850
2850
2850
2851
2851
2853
2855
2855
2858
2858
2858
2858
2859
2859
2859
2861
2862
2862
2863
2864
2865
2865
2865
2865
2866
2866
2866
2869
2869
2872
2875
2879
2879
2879
2880
2881
2881
2881
2881
2883
2886
2887
2888
2888
2888
2888
2888
2888
2888
2888
2888
2891
2893
2893
2895
2897
2897
2897
2897
2897
2901
2901
2902
2903
2903
2903
2910
2910
2910
2910
2910
2910
2910
2911
2912
2913
2915
2917
2918
2918
2918
2919
2922
2922
2922
2925
2929
2934
2934
2934
2937
2940
2941
2942
2942
2942
2942
2944
2947
2947
2947
2950
2950
2950
2954
2956
2956
2957
2958
2958
2959
2960
2963
2965
2966
2970
2970
2970
2970
2972
2972
2978
2978
2978
2980
2980
2987
2989
2990
2991
2992
2993
2993
2993
2993
2993
2993
2995
2995
3000
3001
3007
3011
3011
3012
3012
3013
3013
3013
3013
3018
3021
3021
3025
3026
3026
3035
3035
3035
3035
3035
3037
3037
3039
3039
3040
3041
3043
3043
3044
3045
3052
3052
3052
3054
3056
3056
3056
3057
3058
3062
3066
3067
3067
3068
3068
3068
3069
3074
3075
3075
3075
3075
3075
3078
3078
3078
3078
3078
3081
3082
3084
3084
3086
3087
3090
3091
3092
3092
3093
3094
3094
3094
3098
3099
3102
3106
3106
3106
3106
3106
3106
3107
3110
3113
3116
3117
3117
3118
3119
3119
3119
3121
3121
3121
3122
3124
3131
3131
3131
3132
3132
3132
3132
3133
3135
3135
3135
3136
3136
3136
3136
3136
3137
3137
3137
3137
3137
3138
3139
3140
3140
3140
3142
3142
3143
3143
3144
3144
3145
3150
3150
3152
3152
3152
3153
3153
3155
3155
3156
3157
3157
3157
3158
3160
3160
3162
3164
3164
3164
3164
3166
3167
3167
3168
3169
3175
3175
3175
3175
3175
3175
3175
3175
3175
3177
3178
3178
3179
3182
3182
3183
3184
3185
3186
3189
3189
3189
3189
3191
3191
3192
3193
3195
3196
3198
3199
3199
3199
3201
3201
3204
3205
3207
3207
3209
3210
3210
3213
3213
3213
3214
3215
3215
3215
3215
3216
3217
3217
3217
3220
3222
3222
3223
3223
3224
3225
3230
3232
3234
3237
3237
3238
3238
3238
3238
3238
3239
3239
3241
3241
3242
3244
3245
3245
3246
3246
3247
3247
3247
3248
3248
3250
3251
3251
3251
3254
3255
3255
3255
3256
3256
3256
3259
3259
3259
3259
3260
3260
3260
3261
3261
3261
3264
3267
3267
3268
3268
3269
3269
3271
3271
3271
3272
3272
3272
3273
3273
3274
3274
3277
3279
3279
3279
3279
3279
3282
3286
3286
3287
3287
3287
3289
3289
3290
3290
3292
3294
3294
3295
3295
3295
3295
3297
3297
3298
3304
3308
3308
3310
3313
3313
3316
3316
3316
3317
3319
3319
3319
3328
3328
3328
3328
3328
3328
3330
3330
3330
3331
3331
3332
3332
3333
3333
3333
3333
3334
3336
3337
3342
3343
3344
3344
3344
3347
3347
3349
3349
3349
3350
3350
3350
3352
3353
3353
3353
3354
3362
3362
3364
3364
3365
3367
3370
3371
3371
3373
3373
3373
3373
3377
3377
3377
3377
3378
3380
3382
3384
3386
3386
3386
3388
3389
3389
3389
3390
3390
3390
3390
3390
3392
3393
3393
3395
3395
3395
3397
3398
3398
3398
3398
3402
3403
3403
3406
3407
3409
3409
3410
3410
3410
3413
3414
3414
3414
3416
3416
3416
3416
3416
3420
3420
3421
3422
3423
3428
3428
3429
3429
3429
3432
3433
3434
3434
3434
3434
3437
3441
3442
3442
3443
3443
3444
3444
3444
3445
3446
3446
3446
3447
3447
3450
3452
3454
3454
3460
3466
3469
3472
3472
3473
3475
3475
3475
3475
3477
3478
3478
3481
3483
3484
3485
3486
3486
3486
3489
3491
3492
3492
3499
3501
3501
3502
3504
3504
3504
3504
3504
3507
3511
3511
3511
3514
3515
3515
3517
3517
3518
3520
3521
3522
3523
3523
3523
3525
3530
3530
3530
3530
3530
3530
3531
3531
3534
3534
3536
3538
3540
3543
3549
3549
3549
3549
3549
3549
3549
3549
3551
3554
3555
3555
3556
3556
3557
3557
3559
3559
3565
3567
3567
3568
3568
3572
3573
3573
3576
3578
3581
3582
3582
3582
3582
3584
3584
3584
3584
3585
3586
3587
3590
3594
3594
3597
3597
3598
3599
3600
3601
3601
3604
3607
3609
3609
3610
3610
3612
3616
3616
3616
3616
3616
3617
3617
3618
3618
3622
3623
3624
3625
3625
3626
3626
3630
3631
3635
3640
3641
3642
3643
3644
3646
3646
3646
3646
3646
3646
3651
3651
3651
3652
3652
3652
3655
3655
3655
3655
3656
3656
3658
3661
3661
3662
3663
3664
3665
3666
3666
3667
3667
3670
3670
3670
3670
3671
3671
3671
3671
3671
3672
3675
3676
3679
3684
3686
3687
3687
3687
3692
3692
3692
3693
3698
3701
3703
3704
3705
3708
3708
3715
3715
3716
3716
3716
3717
3717
3718
3719
3719
3719
3719
3719
3720
3720
3720
3720
3720
3721
3721
3722
3723
3725
3726
3727
3727
3728
3732
3733
3733
3733
3734
3736
3739
3740
3741
3744
3744
3744
3745
3745
3745
3746
3748
3749
3749
3750
3750
3751
3755
3758
3759
3759
3760
3761
3761
3764
3766
3767
3768
3769
3769
3771
3772
3775
3775
3775
3777
3779
3780
3780
3781
3781
3781
3782
3783
3785
3786
3787
3787
3787
3787
3787
3787
3789
3791
3795
3796
3796
3796
3797
3798
3799
3801
3806
3807
3807
3807
3808
3808
3808
3811
3812
3812
3815
3815
3815
3819
3820
3820
3823
3824
3826
3826
3826
3826
3826
3826
3828
3829
3830
3837
3838
3840
3841
3843
3843
3847
3848
3850
3850
3850
3851
3852
3853
3853
3854
3856
3856
3860
3861
3863
3863
3869
3869
3869
3869
3870
3878
3879
3879
3880
3881
3881
3884
3884
3885
3888
3888
3888
3888
3891
3891
3891
3891
3892
3892
3893
3893
3894
3894
3894
3894
3895
3896
3896
3897
3898
3904
3906
3906
3906
3907
3909
3913
3913
3914
3922
3923
3924
3926
3926
3926
3927
3927
3929
3929
3930
3930
3931
3931
3931
3932
3932
3932
3937
3942
3943
3947
3947
3949
3951
3951
3957
3957
3958
3958
3958
3958
3958
3960
3961
3961
3962
3962
3963
3964
3964
3964
3966
3968
3969
3976
3976
3976
3979
3980
3982
3982
3983
3983
3984
3987
3990
3991
3992
3993
3993
3993
3993
3993
3993
3994
3995
3996
3996
3996
3998
4001
4001
4001
4001
4002
4002
4004
4007
4008
4008
4011
4012
4013
4014
4014
4014
4018
4019
4020
4020
4021
4021
4021
4024
4024
4024
4024
4025
4026
4027
4027
4027
4027
4027
4034
4034
4034
4034
4034
4037
4037
4039
4043
4044
4044
4044
4044
4044
4044
4044
4046
4047
4047
4047
4048
4053
4055
4056
4056
4059
4059
4059
4059
4059
4059
4059
4060
4062
4063
4063
4063
4064
4065
4068
4070
4072
4074
4074
4074
4075
4075
4075
4076
4077
4079
4079
4079
4081
4081
4082
4082
4082
4082
4082
4082
4082
4082
4083
4083
4085
4085
4086
4086
4086
4087
4087
4090
4094
4096
4096
4096
4097
4098
4098
4098
4098
4099
4099
4099
4099
4102
4104
4104
4106
4106
4106
4106
4106
4106
4106
4108
4108
4111
4111
4111
4111
4111
4112
4113
4114
4116
4116
4118
4120
4120
4120
4120
4120
4122
4122
4123
4123
4126
4128
4128
4128
4128
4133
4133
4133
4133
4133
4133
4135
4135
4135
4135
4136
4136
4141
4141
4141
4141
4141
4142
4145
4148
4149
4151
4152
4153
4153
4153
4153
4153
4156
4157
4158
4164
4166
4167
4171
4171
4171
4172
4172
4173
4173
4174
4174
4175
4175
4175
4175
4176
4176
4177
4178
4178
4178
4178
4179
4180
4180
4180
4183
4183
4190
4192
4193
4193
4193
4194
4194
4195
4195
4196
4196
4196
4201
4206
4206
4207
4207
4208
4208
4210
4210
4210
4210
4210
4211
4215
4219
4223
4223
4224
4226
4226
4228
4228
4228
4229
4229
4229
4230
4231
4237
4237
4237
4240
4241
4241
4242
4245
4245
4245
4245
4248
4249
4251
4251
4254
4254
4255
4255
4257
4257
4258
4260
4261
4267
4268
4268
4271
4271
4272
4272
4275
4275
4275
4277
4277
4278
4278
4278
4279
4280
4280
4280
4282
4282
4283
4284
4284
4284
4284
4285
4285
4287
4287
4287
4289
4293
4296
4298
4302
4304
4304
4304
4304
4307
4308
4308
4308
4308
4308
4308
4308
4309
4309
4310
4310
4311
4311
4314
4315
4315
4315
4315
4321
4323
4323
4324
4325
4325
4328
4328
4328
4328
4328
4328
4330
4330
4331
4331
4333
4333
4335
4337
4337
4337
4337
4338
4338
4339
4339
4342
4342
4343
4344
4344
4347
4349
4349
4349
4350
4351
4352
4352
4352
4352
4352
4352
4353
4355
4356
4356
4356
4357
4358
4358
4359
4359
4361
4361
4361
4361
4362
4362
4362
4362
4362
4362
4362
4362
4362
4362
4366
4368
4368
4371
4371
4371
4371
4371
4376
4378
4378
4378
4379
4379
4379
4385
4386
4389
4389
4394
4394
4394
4395
4396
4396
4396
4397
4398
4398
4398
4399
4399
4399
4401
4402
4406
4406
4406
4407
4407
4407
4407
4408
4410
4410
4411
4411
4411
4411
4412
4412
4413
4413
4413
4413
4413
4416
4416
4423
4423
4425
4425
4426
4427
4428
4430
4432
4436
4436
4438
4438
4438
4441
4441
4444
4444
4446
4450
4454
4454
4459
4459
4464
4468
4468
4469
4469
4470
4471
4471
4471
4471
4471
4471
4471
4471
4471
4474
4476
4478
4481
4483
4484
4484
4484
4488
4488
4491
4491
4491
4491
4492
4494
4494
4494
4494
4494
4494
4494
4497
4497
4504
4506
4506
4507
4510
4511
4511
4511
4512
4512
4512
4512
4512
4512
4514
4514
4515
4515
4518
4518
4520
4521
4521
4521
4522
4522
4524
4526
4530
4533
4534
4534
4534
4536
4537
4537
4537
4537
4537
4538
4539
4540
4541
4543
4543
4544
4544
4545
4545
4545
4545
4546
4547
4550
4551
4554
4554
4554
4554
4554
4556
4559
4559
4559
4559
4559
4559
4560
4560
4560
4561
4562
4562
4563
4564
4565
4565
4565
4566
4566
4569
4570
4572
4575
4575
4580
4580
4580
4580
4581
4581
4582
4582
4582
4583
4583
4585
4587
4588
4588
4588
4591
4591
4591
4593
4594
4595
4595
4596
4598
4600
4600
4601
4603
4603
4604
4606
4606
4608
4608
4613
4613
4614
4614
4614
4615
4617
4617
4617
4617
4617
4619
4619
4625
4630
4633
4633
4638
4638
4639
4639
4639
4640
4640
4641
4641
4641
4642
4642
4642
4642
4643
4643
4643
4647
4648
4650
4651
4654
4655
4655
4655
4655
4655
4655
4655
4657
4657
4657
4657
4657
4657
4663
4663
4664
4664
4664
4664
4664
4666
4666
4667
4668
4668
4668
4668
4669
4669
4669
4669
4669
4671
4672
4672
4672
4672
4672
4673
4673
4673
4673
4673
4678
4678
4678
4681
4683
4684
4684
4684
4684
4684
4686
4688
4688
4688
4689
4689
4691
4691
4691
4693
4695
4696
4696
4696
4696
4696
4696
4696
4699
4699
4700
4705
4706
4707
4707
4708
4708
4708
4708
4708
4710
4710
4721
4721
4721
4723
4724
4724
4724
4724
4725
4726
4728
4728
4728
4729
4729
4729
4729
4733
4735
4738
4741
4741
4744
4744
4745
4746
4749
4749
4749
4750
4754
4756
4756
4757
4762
4763
4763
4765
4765
4765
4765
4765
4767
4770
4773
4773
4776
4776
4776
4777
4777
4777
4777
4777
4777
4777
4777
4779
4781
4781
4781
4781
4781
4781
4781
4781
4782
4782
4784
4784
4784
4785
4785
4785
4785
4785
4785
4786
4786
4787
4791
4793
4798
4798
4798
4798
4798
4798
4803
4804
4807
4807
4809
4809
4810
4810
4814
4814
4819
4819
4819
4819
4822
4823
4825
4829
4830
4830
4830
4830
4830
4832
4833
4834
4834
4835
4835
4835
4836
4838
4838
4838
4840
4840
4840
4842
4842
4843
4843
4844
4846
4846
4847
4847
4848
4848
4850
4850
4851
4851
4851
4851
4851
4851
4851
4851
4854
4856
4861
4863
4863
4863
4863
4864
4865
4866
4866
4868
4868
4870
4870
4870
4872
4872
4873
4873
4873
4873
4873
4873
4874
4874
4874
4874
4875
4875
4877
4877
4877
4877
4878
4879
4879
4880
4880
4881
4881
4882
4885
4894
4895
4895
4895
4895
4896
4896
4897
4897
4898
4899
4899
4900
4903
4903
4909
4909
4909
4912
4916
4916
4917
4920
4921
4921
4922
4924
4924
4926
4926
4928
4928
4931
4935
4935
4938
4940
4943
4946
4946
4948
4949
4949
4952
4953
4956
4960
4960
4961
4964
4966
4970
4973
4974
4974
4974
4974
4976
4977
4978
4979
4979
4979
4979
4980
4980
4983
4983
4985
4986
4988
4988
4989
4989
4989
4990
4994
4994
4998
4998
5000
5001
5001
5003
5004
5004
5004
5006
5007
5008
5009
5009
5010
5013
5013
5015
5015
5015
5015
5016
5016
5016
5016
5022
5023
5023
5023
5023
5023
5023
5025
5025
5026
5029
5029
5031
5032
5033
5033
5033
5034
5034
5034
5037
5037
5038
5038
5038
5043
5046
5049
5050
5050
5050
5051
5053
5054
5055
5055
5055
5055
5056
5060
5061
5061
5065
5068
5070
5070
5070
5071
5071
5073
5073
5073
5076
5076
5076
5079
5079
5081
5084
5084
5084
5084
5087
5088
5088
5088
5089
5089
5090
5090
