10000
0 -1000
0 -998
0 -996
0 -994
0 -992
0 -990
0 -988
0 -986
0 -984
0 -982
0 -980
0 -978
0 -976
0 -974
0 -972
0 -970
0 -968
0 -966
0 -964
0 -962
0 -960
0 -958
0 -956
0 -954
0 -952
0 -950
0 -948
0 -946
0 -944
0 -942
0 -940
0 -938
0 -936
0 -934
0 -932
0 -930
0 -928
0 -926
0 -924
0 -922
0 -920
0 -918
0 -916
0 -914
0 -912
0 -910
0 -908
0 -906
0 -904
0 -902
0 -900
0 -898
0 -896
0 -894
0 -892
0 -890
0 -888
0 -886
0 -884
0 -882
0 -880
0 -878
0 -876
0 -874
0 -872
0 -870
0 -868
0 -866
0 -864
0 -862
0 -860
0 -858
0 -856
0 -854
0 -852
0 -850
0 -848
0 -846
0 -844
0 -842
0 -840
0 -838
0 -836
0 -834
0 -832
0 -830
0 -828
0 -826
0 -824
0 -822
0 -820
0 -818
0 -816
0 -814
0 -812
0 -810
0 -808
0 -806
0 -804
0 -802
0 -800
0 -798
0 -796
0 -794
0 -792
0 -790
0 -788
0 -786
0 -784
0 -782
0 -780
0 -778
0 -776
0 -774
0 -772
0 -770
0 -768
0 -766
0 -764
0 -762
0 -760
0 -758
0 -756
0 -754
0 -752
0 -750
0 -748
0 -746
0 -744
0 -742
0 -740
0 -738
0 -736
0 -734
0 -732
0 -730
0 -728
0 -726
0 -724
0 -722
0 -720
0 -718
0 -716
0 -714
0 -712
0 -710
0 -708
0 -706
0 -704
0 -702
0 -700
0 -698
0 -696
0 -694
0 -692
0 -690
0 -688
0 -686
0 -684
0 -682
0 -680
0 -678
0 -676
0 -674
0 -672
0 -670
0 -668
0 -666
0 -664
0 -662
0 -660
0 -658
0 -656
0 -654
0 -652
0 -650
0 -648
0 -646
0 -644
0 -642
0 -640
0 -638
0 -636
0 -634
0 -632
0 -630
0 -628
0 -626
0 -624
0 -622
0 -620
0 -618
0 -616
0 -614
0 -612
0 -610
0 -608
0 -606
0 -604
0 -602
0 -600
0 -598
0 -596
0 -594
0 -592
0 -590
0 -588
0 -586
0 -584
0 -582
0 -580
0 -578
0 -576
0 -574
0 -572
0 -570
0 -568
0 -566
0 -564
0 -562
0 -560
0 -558
0 -556
0 -554
0 -552
0 -550
0 -548
0 -546
0 -544
0 -542
0 -540
0 -538
0 -536
0 -534
0 -532
0 -530
0 -528
0 -526
0 -524
0 -522
0 -520
0 -518
0 -516
0 -514
0 -512
0 -510
0 -508
0 -506
0 -504
0 -502
0 -500
0 -498
0 -496
0 -494
0 -492
0 -490
0 -488
0 -486
0 -484
0 -482
0 -480
0 -478
0 -476
0 -474
0 -472
0 -470
0 -468
0 -466
0 -464
0 -462
0 -460
0 -458
0 -456
0 -454
0 -452
0 -450
0 -448
0 -446
0 -444
0 -442
0 -440
0 -438
0 -436
0 -434
0 -432
0 -430
0 -428
0 -426
0 -424
0 -422
0 -420
0 -418
0 -416
0 -414
0 -412
0 -410
0 -408
0 -406
0 -404
0 -402
0 -400
0 -398
0 -396
0 -394
0 -392
0 -390
0 -388
0 -386
0 -384
0 -382
0 -380
0 -378
0 -376
0 -374
0 -372
0 -370
0 -368
0 -366
0 -364
0 -362
0 -360
0 -358
0 -356
0 -354
0 -352
0 -350
0 -348
0 -346
0 -344
0 -342
0 -340
0 -338
0 -336
0 -334
0 -332
0 -330
0 -328
0 -326
0 -324
0 -322
0 -320
0 -318
0 -316
0 -314
0 -312
0 -310
0 -308
0 -306
0 -304
0 -302
0 -300
0 -298
0 -296
0 -294
0 -292
0 -290
0 -288
0 -286
0 -284
0 -282
0 -280
0 -278
0 -276
0 -274
0 -272
0 -270
0 -268
0 -266
0 -264
0 -262
0 -260
0 -258
0 -256
0 -254
0 -252
0 -250
0 -248
0 -246
0 -244
0 -242
0 -240
0 -238
0 -236
0 -234
0 -232
0 -230
0 -228
0 -226
0 -224
0 -222
0 -220
0 -218
0 -216
0 -214
0 -212
0 -210
0 -208
0 -206
0 -204
0 -202
0 -200
0 -198
0 -196
0 -194
0 -192
0 -190
0 -188
0 -186
0 -184
0 -182
0 -180
0 -178
0 -176
0 -174
0 -172
0 -170
0 -168
0 -166
0 -164
0 -162
0 -160
0 -158
0 -156
0 -154
0 -152
0 -150
0 -148
0 -146
0 -144
0 -142
0 -140
0 -138
0 -136
0 -134
0 -132
0 -130
0 -128
0 -126
0 -124
0 -122
0 -120
0 -118
0 -116
0 -114
0 -112
0 -110
0 -108
0 -106
0 -104
0 -102
0 -100
0 -98
0 -96
0 -94
0 -92
0 -90
0 -88
0 -86
0 -84
0 -82
0 -80
0 -78
0 -76
0 -74
0 -72
0 -70
0 -68
0 -66
0 -64
0 -62
0 -60
0 -58
0 -56
0 -54
0 -52
0 -50
0 -48
0 -46
0 -44
0 -42
0 -40
0 -38
0 -36
0 -34
0 -32
0 -30
0 -28
0 -26
0 -24
0 -22
0 -20
0 -18
0 -16
0 -14
0 -12
0 -10
0 -8
0 -6
0 -4
0 -2
0 0
0 2
0 4
0 6
0 8
0 10
0 12
0 14
0 16
0 18
0 20
0 22
0 24
0 26
0 28
0 30
0 32
0 34
0 36
0 38
0 40
0 42
0 44
0 46
0 48
0 50
0 52
0 54
0 56
0 58
0 60
0 62
0 64
0 66
0 68
0 70
0 72
0 74
0 76
0 78
0 80
0 82
0 84
0 86
0 88
0 90
0 92
0 94
0 96
0 98
0 100
0 102
0 104
0 106
0 108
0 110
0 112
0 114
0 116
0 118
0 120
0 122
0 124
0 126
0 128
0 130
0 132
0 134
0 136
0 138
0 140
0 142
0 144
0 146
0 148
0 150
0 152
0 154
0 156
0 158
0 160
0 162
0 164
0 166
0 168
0 170
0 172
0 174
0 176
0 178
0 180
0 182
0 184
0 186
0 188
0 190
0 192
0 194
0 196
0 198
0 200
0 202
0 204
0 206
0 208
0 210
0 212
0 214
0 216
0 218
0 220
0 222
0 224
0 226
0 228
0 230
0 232
0 234
0 236
0 238
0 240
0 242
0 244
0 246
0 248
0 250
0 252
0 254
0 256
0 258
0 260
0 262
0 264
0 266
0 268
0 270
0 272
0 274
0 276
0 278
0 280
0 282
0 284
0 286
0 288
0 290
0 292
0 294
0 296
0 298
0 300
0 302
0 304
0 306
0 308
0 310
0 312
0 314
0 316
0 318
0 320
0 322
0 324
0 326
0 328
0 330
0 332
0 334
0 336
0 338
0 340
0 342
0 344
0 346
0 348
0 350
0 352
0 354
0 356
0 358
0 360
0 362
0 364
0 366
0 368
0 370
0 372
0 374
0 376
0 378
0 380
0 382
0 384
0 386
0 388
0 390
0 392
0 394
0 396
0 398
0 400
0 402
0 404
0 406
0 408
0 410
0 412
0 414
0 416
0 418
0 420
0 422
0 424
0 426
0 428
0 430
0 432
0 434
0 436
0 438
0 440
0 442
0 444
0 446
0 448
0 450
0 452
0 454
0 456
0 458
0 460
0 462
0 464
0 466
0 468
0 470
0 472
0 474
0 476
0 478
0 480
0 482
0 484
0 486
0 488
0 490
0 492
0 494
0 496
0 498
0 500
0 502
0 504
0 506
0 508
0 510
0 512
0 514
0 516
0 518
0 520
0 522
0 524
0 526
0 528
0 530
0 532
0 534
0 536
0 538
0 540
0 542
0 544
0 546
0 548
0 550
0 552
0 554
0 556
0 558
0 560
0 562
0 564
0 566
0 568
0 570
0 572
0 574
0 576
0 578
0 580
0 582
0 584
0 586
0 588
0 590
0 592
0 594
0 596
0 598
0 600
0 602
0 604
0 606
0 608
0 610
0 612
0 614
0 616
0 618
0 620
0 622
0 624
0 626
0 628
0 630
0 632
0 634
0 636
0 638
0 640
0 642
0 644
0 646
0 648
0 650
0 652
0 654
0 656
0 658
0 660
0 662
0 664
0 666
0 668
0 670
0 672
0 674
0 676
0 678
0 680
0 682
0 684
0 686
0 688
0 690
0 692
0 694
0 696
0 698
0 700
0 702
0 704
0 706
0 708
0 710
0 712
0 714
0 716
0 718
0 720
0 722
0 724
0 726
0 728
0 730
0 732
0 734
0 736
0 738
0 740
0 742
0 744
0 746
0 748
0 750
0 752
0 754
0 756
0 758
0 760
0 762
0 764
0 766
0 768
0 770
0 772
0 774
0 776
0 778
0 780
0 782
0 784
0 786
0 788
0 790
0 792
0 794
0 796
0 798
0 800
0 802
0 804
0 806
0 808
0 810
0 812
0 814
0 816
0 818
0 820
0 822
0 824
0 826
0 828
0 830
0 832
0 834
0 836
0 838
0 840
0 842
0 844
0 846
0 848
0 850
0 852
0 854
0 856
0 858
0 860
0 862
0 864
0 866
0 868
0 870
0 872
0 874
0 876
0 878
0 880
0 882
0 884
0 886
0 888
0 890
0 892
0 894
0 896
0 898
0 900
0 902
0 904
0 906
0 908
0 910
0 912
0 914
0 916
0 918
0 920
0 922
0 924
0 926
0 928
0 930
0 932
0 934
0 936
0 938
0 940
0 942
0 944
0 946
0 948
0 950
0 952
0 954
0 956
0 958
0 960
0 962
0 964
0 966
0 968
0 970
0 972
0 974
0 976
0 978
0 980
0 982
0 984
0 986
0 988
0 990
0 992
0 994
0 996
0 998
1 -999
1 -997
1 -995
1 -993
1 -991
1 -989
1 -987
1 -985
1 -983
1 -981
1 -979
1 -977
1 -975
1 -973
1 -971
1 -969
1 -967
1 -965
1 -963
1 -961
1 -959
1 -957
1 -955
1 -953
1 -951
1 -949
1 -947
1 -945
1 -943
1 -941
1 -939
1 -937
1 -935
1 -933
1 -931
1 -929
1 -927
1 -925
1 -923
1 -921
1 -919
1 -917
1 -915
1 -913
1 -911
1 -909
1 -907
1 -905
1 -903
1 -901
1 -899
1 -897
1 -895
1 -893
1 -891
1 -889
1 -887
1 -885
1 -883
1 -881
1 -879
1 -877
1 -875
1 -873
1 -871
1 -869
1 -867
1 -865
1 -863
1 -861
1 -859
1 -857
1 -855
1 -853
1 -851
1 -849
1 -847
1 -845
1 -843
1 -841
1 -839
1 -837
1 -835
1 -833
1 -831
1 -829
1 -827
1 -825
1 -823
1 -821
1 -819
1 -817
1 -815
1 -813
1 -811
1 -809
1 -807
1 -805
1 -803
1 -801
1 -799
1 -797
1 -795
1 -793
1 -791
1 -789
1 -787
1 -785
1 -783
1 -781
1 -779
1 -777
1 -775
1 -773
1 -771
1 -769
1 -767
1 -765
1 -763
1 -761
1 -759
1 -757
1 -755
1 -753
1 -751
1 -749
1 -747
1 -745
1 -743
1 -741
1 -739
1 -737
1 -735
1 -733
1 -731
1 -729
1 -727
1 -725
1 -723
1 -721
1 -719
1 -717
1 -715
1 -713
1 -711
1 -709
1 -707
1 -705
1 -703
1 -701
1 -699
1 -697
1 -695
1 -693
1 -691
1 -689
1 -687
1 -685
1 -683
1 -681
1 -679
1 -677
1 -675
1 -673
1 -671
1 -669
1 -667
1 -665
1 -663
1 -661
1 -659
1 -657
1 -655
1 -653
1 -651
1 -649
1 -647
1 -645
1 -643
1 -641
1 -639
1 -637
1 -635
1 -633
1 -631
1 -629
1 -627
1 -625
1 -623
1 -621
1 -619
1 -617
1 -615
1 -613
1 -611
1 -609
1 -607
1 -605
1 -603
1 -601
1 -599
1 -597
1 -595
1 -593
1 -591
1 -589
1 -587
1 -585
1 -583
1 -581
1 -579
1 -577
1 -575
1 -573
1 -571
1 -569
1 -567
1 -565
1 -563
1 -561
1 -559
1 -557
1 -555
1 -553
1 -551
1 -549
1 -547
1 -545
1 -543
1 -541
1 -539
1 -537
1 -535
1 -533
1 -531
1 -529
1 -527
1 -525
1 -523
1 -521
1 -519
1 -517
1 -515
1 -513
1 -511
1 -509
1 -507
1 -505
1 -503
1 -501
1 -499
1 -497
1 -495
1 -493
1 -491
1 -489
1 -487
1 -485
1 -483
1 -481
1 -479
1 -477
1 -475
1 -473
1 -471
1 -469
1 -467
1 -465
1 -463
1 -461
1 -459
1 -457
1 -455
1 -453
1 -451
1 -449
1 -447
1 -445
1 -443
1 -441
1 -439
1 -437
1 -435
1 -433
1 -431
1 -429
1 -427
1 -425
1 -423
1 -421
1 -419
1 -417
1 -415
1 -413
1 -411
1 -409
1 -407
1 -405
1 -403
1 -401
1 -399
1 -397
1 -395
1 -393
1 -391
1 -389
1 -387
1 -385
1 -383
1 -381
1 -379
1 -377
1 -375
1 -373
1 -371
1 -369
1 -367
1 -365
1 -363
1 -361
1 -359
1 -357
1 -355
1 -353
1 -351
1 -349
1 -347
1 -345
1 -343
1 -341
1 -339
1 -337
1 -335
1 -333
1 -331
1 -329
1 -327
1 -325
1 -323
1 -321
1 -319
1 -317
1 -315
1 -313
1 -311
1 -309
1 -307
1 -305
1 -303
1 -301
1 -299
1 -297
1 -295
1 -293
1 -291
1 -289
1 -287
1 -285
1 -283
1 -281
1 -279
1 -277
1 -275
1 -273
1 -271
1 -269
1 -267
1 -265
1 -263
1 -261
1 -259
1 -257
1 -255
1 -253
1 -251
1 -249
1 -247
1 -245
1 -243
1 -241
1 -239
1 -237
1 -235
1 -233
1 -231
1 -229
1 -227
1 -225
1 -223
1 -221
1 -219
1 -217
1 -215
1 -213
1 -211
1 -209
1 -207
1 -205
1 -203
1 -201
1 -199
1 -197
1 -195
1 -193
1 -191
1 -189
1 -187
1 -185
1 -183
1 -181
1 -179
1 -177
1 -175
1 -173
1 -171
1 -169
1 -167
1 -165
1 -163
1 -161
1 -159
1 -157
1 -155
1 -153
1 -151
1 -149
1 -147
1 -145
1 -143
1 -141
1 -139
1 -137
1 -135
1 -133
1 -131
1 -129
1 -127
1 -125
1 -123
1 -121
1 -119
1 -117
1 -115
1 -113
1 -111
1 -109
1 -107
1 -105
1 -103
1 -101
1 -99
1 -97
1 -95
1 -93
1 -91
1 -89
1 -87
1 -85
1 -83
1 -81
1 -79
1 -77
1 -75
1 -73
1 -71
1 -69
1 -67
1 -65
1 -63
1 -61
1 -59
1 -57
1 -55
1 -53
1 -51
1 -49
1 -47
1 -45
1 -43
1 -41
1 -39
1 -37
1 -35
1 -33
1 -31
1 -29
1 -27
1 -25
1 -23
1 -21
1 -19
1 -17
1 -15
1 -13
1 -11
1 -9
1 -7
1 -5
1 -3
1 -1
1 1
1 3
1 5
1 7
1 9
1 11
1 13
1 15
1 17
1 19
1 21
1 23
1 25
1 27
1 29
1 31
1 33
1 35
1 37
1 39
1 41
1 43
1 45
1 47
1 49
1 51
1 53
1 55
1 57
1 59
1 61
1 63
1 65
1 67
1 69
1 71
1 73
1 75
1 77
1 79
1 81
1 83
1 85
1 87
1 89
1 91
1 93
1 95
1 97
1 99
1 101
1 103
1 105
1 107
1 109
1 111
1 113
1 115
1 117
1 119
1 121
1 123
1 125
1 127
1 129
1 131
1 133
1 135
1 137
1 139
1 141
1 143
1 145
1 147
1 149
1 151
1 153
1 155
1 157
1 159
1 161
1 163
1 165
1 167
1 169
1 171
1 173
1 175
1 177
1 179
1 181
1 183
1 185
1 187
1 189
1 191
1 193
1 195
1 197
1 199
1 201
1 203
1 205
1 207
1 209
1 211
1 213
1 215
1 217
1 219
1 221
1 223
1 225
1 227
1 229
1 231
1 233
1 235
1 237
1 239
1 241
1 243
1 245
1 247
1 249
1 251
1 253
1 255
1 257
1 259
1 261
1 263
1 265
1 267
1 269
1 271
1 273
1 275
1 277
1 279
1 281
1 283
1 285
1 287
1 289
1 291
1 293
1 295
1 297
1 299
1 301
1 303
1 305
1 307
1 309
1 311
1 313
1 315
1 317
1 319
1 321
1 323
1 325
1 327
1 329
1 331
1 333
1 335
1 337
1 339
1 341
1 343
1 345
1 347
1 349
1 351
1 353
1 355
1 357
1 359
1 361
1 363
1 365
1 367
1 369
1 371
1 373
1 375
1 377
1 379
1 381
1 383
1 385
1 387
1 389
1 391
1 393
1 395
1 397
1 399
1 401
1 403
1 405
1 407
1 409
1 411
1 413
1 415
1 417
1 419
1 421
1 423
1 425
1 427
1 429
1 431
1 433
1 435
1 437
1 439
1 441
1 443
1 445
1 447
1 449
1 451
1 453
1 455
1 457
1 459
1 461
1 463
1 465
1 467
1 469
1 471
1 473
1 475
1 477
1 479
1 481
1 483
1 485
1 487
1 489
1 491
1 493
1 495
1 497
1 499
1 501
1 503
1 505
1 507
1 509
1 511
1 513
1 515
1 517
1 519
1 521
1 523
1 525
1 527
1 529
1 531
1 533
1 535
1 537
1 539
1 541
1 543
1 545
1 547
1 549
1 551
1 553
1 555
1 557
1 559
1 561
1 563
1 565
1 567
1 569
1 571
1 573
1 575
1 577
1 579
1 581
1 583
1 585
1 587
1 589
1 591
1 593
1 595
1 597
1 599
1 601
1 603
1 605
1 607
1 609
1 611
1 613
1 615
1 617
1 619
1 621
1 623
1 625
1 627
1 629
1 631
1 633
1 635
1 637
1 639
1 641
1 643
1 645
1 647
1 649
1 651
1 653
1 655
1 657
1 659
1 661
1 663
1 665
1 667
1 669
1 671
1 673
1 675
1 677
1 679
1 681
1 683
1 685
1 687
1 689
1 691
1 693
1 695
1 697
1 699
1 701
1 703
1 705
1 707
1 709
1 711
1 713
1 715
1 717
1 719
1 721
1 723
1 725
1 727
1 729
1 731
1 733
1 735
1 737
1 739
1 741
1 743
1 745
1 747
1 749
1 751
1 753
1 755
1 757
1 759
1 761
1 763
1 765
1 767
1 769
1 771
1 773
1 775
1 777
1 779
1 781
1 783
1 785
1 787
1 789
1 791
1 793
1 795
1 797
1 799
1 801
1 803
1 805
1 807
1 809
1 811
1 813
1 815
1 817
1 819
1 821
1 823
1 825
1 827
1 829
1 831
1 833
1 835
1 837
1 839
1 841
1 843
1 845
1 847
1 849
1 851
1 853
1 855
1 857
1 859
1 861
1 863
1 865
1 867
1 869
1 871
1 873
1 875
1 877
1 879
1 881
1 883
1 885
1 887
1 889
1 891
1 893
1 895
1 897
1 899
1 901
1 903
1 905
1 907
1 909
1 911
1 913
1 915
1 917
1 919
1 921
1 923
1 925
1 927
1 929
1 931
1 933
1 935
1 937
1 939
1 941
1 943
1 945
1 947
1 949
1 951
1 953
1 955
1 957
1 959
1 961
1 963
1 965
1 967
1 969
1 971
1 973
1 975
1 977
1 979
1 981
1 983
1 985
1 987
1 989
1 991
1 993
1 995
1 997
1 999
2 -1000
2 -998
2 -996
2 -994
2 -992
2 -990
2 -988
2 -986
2 -984
2 -982
2 -980
2 -978
2 -976
2 -974
2 -972
2 -970
2 -968
2 -966
2 -964
2 -962
2 -960
2 -958
2 -956
2 -954
2 -952
2 -950
2 -948
2 -946
2 -944
2 -942
2 -940
2 -938
2 -936
2 -934
2 -932
2 -930
2 -928
2 -926
2 -924
2 -922
2 -920
2 -918
2 -916
2 -914
2 -912
2 -910
2 -908
2 -906
2 -904
2 -902
2 -900
2 -898
2 -896
2 -894
2 -892
2 -890
2 -888
2 -886
2 -884
2 -882
2 -880
2 -878
2 -876
2 -874
2 -872
2 -870
2 -868
2 -866
2 -864
2 -862
2 -860
2 -858
2 -856
2 -854
2 -852
2 -850
2 -848
2 -846
2 -844
2 -842
2 -840
2 -838
2 -836
2 -834
2 -832
2 -830
2 -828
2 -826
2 -824
2 -822
2 -820
2 -818
2 -816
2 -814
2 -812
2 -810
2 -808
2 -806
2 -804
2 -802
2 -800
2 -798
2 -796
2 -794
2 -792
2 -790
2 -788
2 -786
2 -784
2 -782
2 -780
2 -778
2 -776
2 -774
2 -772
2 -770
2 -768
2 -766
2 -764
2 -762
2 -760
2 -758
2 -756
2 -754
2 -752
2 -750
2 -748
2 -746
2 -744
2 -742
2 -740
2 -738
2 -736
2 -734
2 -732
2 -730
2 -728
2 -726
2 -724
2 -722
2 -720
2 -718
2 -716
2 -714
2 -712
2 -710
2 -708
2 -706
2 -704
2 -702
2 -700
2 -698
2 -696
2 -694
2 -692
2 -690
2 -688
2 -686
2 -684
2 -682
2 -680
2 -678
2 -676
2 -674
2 -672
2 -670
2 -668
2 -666
2 -664
2 -662
2 -660
2 -658
2 -656
2 -654
2 -652
2 -650
2 -648
2 -646
2 -644
2 -642
2 -640
2 -638
2 -636
2 -634
2 -632
2 -630
2 -628
2 -626
2 -624
2 -622
2 -620
2 -618
2 -616
2 -614
2 -612
2 -610
2 -608
2 -606
2 -604
2 -602
2 -600
2 -598
2 -596
2 -594
2 -592
2 -590
2 -588
2 -586
2 -584
2 -582
2 -580
2 -578
2 -576
2 -574
2 -572
2 -570
2 -568
2 -566
2 -564
2 -562
2 -560
2 -558
2 -556
2 -554
2 -552
2 -550
2 -548
2 -546
2 -544
2 -542
2 -540
2 -538
2 -536
2 -534
2 -532
2 -530
2 -528
2 -526
2 -524
2 -522
2 -520
2 -518
2 -516
2 -514
2 -512
2 -510
2 -508
2 -506
2 -504
2 -502
2 -500
2 -498
2 -496
2 -494
2 -492
2 -490
2 -488
2 -486
2 -484
2 -482
2 -480
2 -478
2 -476
2 -474
2 -472
2 -470
2 -468
2 -466
2 -464
2 -462
2 -460
2 -458
2 -456
2 -454
2 -452
2 -450
2 -448
2 -446
2 -444
2 -442
2 -440
2 -438
2 -436
2 -434
2 -432
2 -430
2 -428
2 -426
2 -424
2 -422
2 -420
2 -418
2 -416
2 -414
2 -412
2 -410
2 -408
2 -406
2 -404
2 -402
2 -400
2 -398
2 -396
2 -394
2 -392
2 -390
2 -388
2 -386
2 -384
2 -382
2 -380
2 -378
2 -376
2 -374
2 -372
2 -370
2 -368
2 -366
2 -364
2 -362
2 -360
2 -358
2 -356
2 -354
2 -352
2 -350
2 -348
2 -346
2 -344
2 -342
2 -340
2 -338
2 -336
2 -334
2 -332
2 -330
2 -328
2 -326
2 -324
2 -322
2 -320
2 -318
2 -316
2 -314
2 -312
2 -310
2 -308
2 -306
2 -304
2 -302
2 -300
2 -298
2 -296
2 -294
2 -292
2 -290
2 -288
2 -286
2 -284
2 -282
2 -280
2 -278
2 -276
2 -274
2 -272
2 -270
2 -268
2 -266
2 -264
2 -262
2 -260
2 -258
2 -256
2 -254
2 -252
2 -250
2 -248
2 -246
2 -244
2 -242
2 -240
2 -238
2 -236
2 -234
2 -232
2 -230
2 -228
2 -226
2 -224
2 -222
2 -220
2 -218
2 -216
2 -214
2 -212
2 -210
2 -208
2 -206
2 -204
2 -202
2 -200
2 -198
2 -196
2 -194
2 -192
2 -190
2 -188
2 -186
2 -184
2 -182
2 -180
2 -178
2 -176
2 -174
2 -172
2 -170
2 -168
2 -166
2 -164
2 -162
2 -160
2 -158
2 -156
2 -154
2 -152
2 -150
2 -148
2 -146
2 -144
2 -142
2 -140
2 -138
2 -136
2 -134
2 -132
2 -130
2 -128
2 -126
2 -124
2 -122
2 -120
2 -118
2 -116
2 -114
2 -112
2 -110
2 -108
2 -106
2 -104
2 -102
2 -100
2 -98
2 -96
2 -94
2 -92
2 -90
2 -88
2 -86
2 -84
2 -82
2 -80
2 -78
2 -76
2 -74
2 -72
2 -70
2 -68
2 -66
2 -64
2 -62
2 -60
2 -58
2 -56
2 -54
2 -52
2 -50
2 -48
2 -46
2 -44
2 -42
2 -40
2 -38
2 -36
2 -34
2 -32
2 -30
2 -28
2 -26
2 -24
2 -22
2 -20
2 -18
2 -16
2 -14
2 -12
2 -10
2 -8
2 -6
2 -4
2 -2
2 0
2 2
2 4
2 6
2 8
2 10
2 12
2 14
2 16
2 18
2 20
2 22
2 24
2 26
2 28
2 30
2 32
2 34
2 36
2 38
2 40
2 42
2 44
2 46
2 48
2 50
2 52
2 54
2 56
2 58
2 60
2 62
2 64
2 66
2 68
2 70
2 72
2 74
2 76
2 78
2 80
2 82
2 84
2 86
2 88
2 90
2 92
2 94
2 96
2 98
2 100
2 102
2 104
2 106
2 108
2 110
2 112
2 114
2 116
2 118
2 120
2 122
2 124
2 126
2 128
2 130
2 132
2 134
2 136
2 138
2 140
2 142
2 144
2 146
2 148
2 150
2 152
2 154
2 156
2 158
2 160
2 162
2 164
2 166
2 168
2 170
2 172
2 174
2 176
2 178
2 180
2 182
2 184
2 186
2 188
2 190
2 192
2 194
2 196
2 198
2 200
2 202
2 204
2 206
2 208
2 210
2 212
2 214
2 216
2 218
2 220
2 222
2 224
2 226
2 228
2 230
2 232
2 234
2 236
2 238
2 240
2 242
2 244
2 246
2 248
2 250
2 252
2 254
2 256
2 258
2 260
2 262
2 264
2 266
2 268
2 270
2 272
2 274
2 276
2 278
2 280
2 282
2 284
2 286
2 288
2 290
2 292
2 294
2 296
2 298
2 300
2 302
2 304
2 306
2 308
2 310
2 312
2 314
2 316
2 318
2 320
2 322
2 324
2 326
2 328
2 330
2 332
2 334
2 336
2 338
2 340
2 342
2 344
2 346
2 348
2 350
2 352
2 354
2 356
2 358
2 360
2 362
2 364
2 366
2 368
2 370
2 372
2 374
2 376
2 378
2 380
2 382
2 384
2 386
2 388
2 390
2 392
2 394
2 396
2 398
2 400
2 402
2 404
2 406
2 408
2 410
2 412
2 414
2 416
2 418
2 420
2 422
2 424
2 426
2 428
2 430
2 432
2 434
2 436
2 438
2 440
2 442
2 444
2 446
2 448
2 450
2 452
2 454
2 456
2 458
2 460
2 462
2 464
2 466
2 468
2 470
2 472
2 474
2 476
2 478
2 480
2 482
2 484
2 486
2 488
2 490
2 492
2 494
2 496
2 498
2 500
2 502
2 504
2 506
2 508
2 510
2 512
2 514
2 516
2 518
2 520
2 522
2 524
2 526
2 528
2 530
2 532
2 534
2 536
2 538
2 540
2 542
2 544
2 546
2 548
2 550
2 552
2 554
2 556
2 558
2 560
2 562
2 564
2 566
2 568
2 570
2 572
2 574
2 576
2 578
2 580
2 582
2 584
2 586
2 588
2 590
2 592
2 594
2 596
2 598
2 600
2 602
2 604
2 606
2 608
2 610
2 612
2 614
2 616
2 618
2 620
2 622
2 624
2 626
2 628
2 630
2 632
2 634
2 636
2 638
2 640
2 642
2 644
2 646
2 648
2 650
2 652
2 654
2 656
2 658
2 660
2 662
2 664
2 666
2 668
2 670
2 672
2 674
2 676
2 678
2 680
2 682
2 684
2 686
2 688
2 690
2 692
2 694
2 696
2 698
2 700
2 702
2 704
2 706
2 708
2 710
2 712
2 714
2 716
2 718
2 720
2 722
2 724
2 726
2 728
2 730
2 732
2 734
2 736
2 738
2 740
2 742
2 744
2 746
2 748
2 750
2 752
2 754
2 756
2 758
2 760
2 762
2 764
2 766
2 768
2 770
2 772
2 774
2 776
2 778
2 780
2 782
2 784
2 786
2 788
2 790
2 792
2 794
2 796
2 798
2 800
2 802
2 804
2 806
2 808
2 810
2 812
2 814
2 816
2 818
2 820
2 822
2 824
2 826
2 828
2 830
2 832
2 834
2 836
2 838
2 840
2 842
2 844
2 846
2 848
2 850
2 852
2 854
2 856
2 858
2 860
2 862
2 864
2 866
2 868
2 870
2 872
2 874
2 876
2 878
2 880
2 882
2 884
2 886
2 888
2 890
2 892
2 894
2 896
2 898
2 900
2 902
2 904
2 906
2 908
2 910
2 912
2 914
2 916
2 918
2 920
2 922
2 924
2 926
2 928
2 930
2 932
2 934
2 936
2 938
2 940
2 942
2 944
2 946
2 948
2 950
2 952
2 954
2 956
2 958
2 960
2 962
2 964
2 966
2 968
2 970
2 972
2 974
2 976
2 978
2 980
2 982
2 984
2 986
2 988
2 990
2 992
2 994
2 996
2 998
3 -999
3 -997
3 -995
3 -993
3 -991
3 -989
3 -987
3 -985
3 -983
3 -981
3 -979
3 -977
3 -975
3 -973
3 -971
3 -969
3 -967
3 -965
3 -963
3 -961
3 -959
3 -957
3 -955
3 -953
3 -951
3 -949
3 -947
3 -945
3 -943
3 -941
3 -939
3 -937
3 -935
3 -933
3 -931
3 -929
3 -927
3 -925
3 -923
3 -921
3 -919
3 -917
3 -915
3 -913
3 -911
3 -909
3 -907
3 -905
3 -903
3 -901
3 -899
3 -897
3 -895
3 -893
3 -891
3 -889
3 -887
3 -885
3 -883
3 -881
3 -879
3 -877
3 -875
3 -873
3 -871
3 -869
3 -867
3 -865
3 -863
3 -861
3 -859
3 -857
3 -855
3 -853
3 -851
3 -849
3 -847
3 -845
3 -843
3 -841
3 -839
3 -837
3 -835
3 -833
3 -831
3 -829
3 -827
3 -825
3 -823
3 -821
3 -819
3 -817
3 -815
3 -813
3 -811
3 -809
3 -807
3 -805
3 -803
3 -801
3 -799
3 -797
3 -795
3 -793
3 -791
3 -789
3 -787
3 -785
3 -783
3 -781
3 -779
3 -777
3 -775
3 -773
3 -771
3 -769
3 -767
3 -765
3 -763
3 -761
3 -759
3 -757
3 -755
3 -753
3 -751
3 -749
3 -747
3 -745
3 -743
3 -741
3 -739
3 -737
3 -735
3 -733
3 -731
3 -729
3 -727
3 -725
3 -723
3 -721
3 -719
3 -717
3 -715
3 -713
3 -711
3 -709
3 -707
3 -705
3 -703
3 -701
3 -699
3 -697
3 -695
3 -693
3 -691
3 -689
3 -687
3 -685
3 -683
3 -681
3 -679
3 -677
3 -675
3 -673
3 -671
3 -669
3 -667
3 -665
3 -663
3 -661
3 -659
3 -657
3 -655
3 -653
3 -651
3 -649
3 -647
3 -645
3 -643
3 -641
3 -639
3 -637
3 -635
3 -633
3 -631
3 -629
3 -627
3 -625
3 -623
3 -621
3 -619
3 -617
3 -615
3 -613
3 -611
3 -609
3 -607
3 -605
3 -603
3 -601
3 -599
3 -597
3 -595
3 -593
3 -591
3 -589
3 -587
3 -585
3 -583
3 -581
3 -579
3 -577
3 -575
3 -573
3 -571
3 -569
3 -567
3 -565
3 -563
3 -561
3 -559
3 -557
3 -555
3 -553
3 -551
3 -549
3 -547
3 -545
3 -543
3 -541
3 -539
3 -537
3 -535
3 -533
3 -531
3 -529
3 -527
3 -525
3 -523
3 -521
3 -519
3 -517
3 -515
3 -513
3 -511
3 -509
3 -507
3 -505
3 -503
3 -501
3 -499
3 -497
3 -495
3 -493
3 -491
3 -489
3 -487
3 -485
3 -483
3 -481
3 -479
3 -477
3 -475
3 -473
3 -471
3 -469
3 -467
3 -465
3 -463
3 -461
3 -459
3 -457
3 -455
3 -453
3 -451
3 -449
3 -447
3 -445
3 -443
3 -441
3 -439
3 -437
3 -435
3 -433
3 -431
3 -429
3 -427
3 -425
3 -423
3 -421
3 -419
3 -417
3 -415
3 -413
3 -411
3 -409
3 -407
3 -405
3 -403
3 -401
3 -399
3 -397
3 -395
3 -393
3 -391
3 -389
3 -387
3 -385
3 -383
3 -381
3 -379
3 -377
3 -375
3 -373
3 -371
3 -369
3 -367
3 -365
3 -363
3 -361
3 -359
3 -357
3 -355
3 -353
3 -351
3 -349
3 -347
3 -345
3 -343
3 -341
3 -339
3 -337
3 -335
3 -333
3 -331
3 -329
3 -327
3 -325
3 -323
3 -321
3 -319
3 -317
3 -315
3 -313
3 -311
3 -309
3 -307
3 -305
3 -303
3 -301
3 -299
3 -297
3 -295
3 -293
3 -291
3 -289
3 -287
3 -285
3 -283
3 -281
3 -279
3 -277
3 -275
3 -273
3 -271
3 -269
3 -267
3 -265
3 -263
3 -261
3 -259
3 -257
3 -255
3 -253
3 -251
3 -249
3 -247
3 -245
3 -243
3 -241
3 -239
3 -237
3 -235
3 -233
3 -231
3 -229
3 -227
3 -225
3 -223
3 -221
3 -219
3 -217
3 -215
3 -213
3 -211
3 -209
3 -207
3 -205
3 -203
3 -201
3 -199
3 -197
3 -195
3 -193
3 -191
3 -189
3 -187
3 -185
3 -183
3 -181
3 -179
3 -177
3 -175
3 -173
3 -171
3 -169
3 -167
3 -165
3 -163
3 -161
3 -159
3 -157
3 -155
3 -153
3 -151
3 -149
3 -147
3 -145
3 -143
3 -141
3 -139
3 -137
3 -135
3 -133
3 -131
3 -129
3 -127
3 -125
3 -123
3 -121
3 -119
3 -117
3 -115
3 -113
3 -111
3 -109
3 -107
3 -105
3 -103
3 -101
3 -99
3 -97
3 -95
3 -93
3 -91
3 -89
3 -87
3 -85
3 -83
3 -81
3 -79
3 -77
3 -75
3 -73
3 -71
3 -69
3 -67
3 -65
3 -63
3 -61
3 -59
3 -57
3 -55
3 -53
3 -51
3 -49
3 -47
3 -45
3 -43
3 -41
3 -39
3 -37
3 -35
3 -33
3 -31
3 -29
3 -27
3 -25
3 -23
3 -21
3 -19
3 -17
3 -15
3 -13
3 -11
3 -9
3 -7
3 -5
3 -3
3 -1
3 1
3 3
3 5
3 7
3 9
3 11
3 13
3 15
3 17
3 19
3 21
3 23
3 25
3 27
3 29
3 31
3 33
3 35
3 37
3 39
3 41
3 43
3 45
3 47
3 49
3 51
3 53
3 55
3 57
3 59
3 61
3 63
3 65
3 67
3 69
3 71
3 73
3 75
3 77
3 79
3 81
3 83
3 85
3 87
3 89
3 91
3 93
3 95
3 97
3 99
3 101
3 103
3 105
3 107
3 109
3 111
3 113
3 115
3 117
3 119
3 121
3 123
3 125
3 127
3 129
3 131
3 133
3 135
3 137
3 139
3 141
3 143
3 145
3 147
3 149
3 151
3 153
3 155
3 157
3 159
3 161
3 163
3 165
3 167
3 169
3 171
3 173
3 175
3 177
3 179
3 181
3 183
3 185
3 187
3 189
3 191
3 193
3 195
3 197
3 199
3 201
3 203
3 205
3 207
3 209
3 211
3 213
3 215
3 217
3 219
3 221
3 223
3 225
3 227
3 229
3 231
3 233
3 235
3 237
3 239
3 241
3 243
3 245
3 247
3 249
3 251
3 253
3 255
3 257
3 259
3 261
3 263
3 265
3 267
3 269
3 271
3 273
3 275
3 277
3 279
3 281
3 283
3 285
3 287
3 289
3 291
3 293
3 295
3 297
3 299
3 301
3 303
3 305
3 307
3 309
3 311
3 313
3 315
3 317
3 319
3 321
3 323
3 325
3 327
3 329
3 331
3 333
3 335
3 337
3 339
3 341
3 343
3 345
3 347
3 349
3 351
3 353
3 355
3 357
3 359
3 361
3 363
3 365
3 367
3 369
3 371
3 373
3 375
3 377
3 379
3 381
3 383
3 385
3 387
3 389
3 391
3 393
3 395
3 397
3 399
3 401
3 403
3 405
3 407
3 409
3 411
3 413
3 415
3 417
3 419
3 421
3 423
3 425
3 427
3 429
3 431
3 433
3 435
3 437
3 439
3 441
3 443
3 445
3 447
3 449
3 451
3 453
3 455
3 457
3 459
3 461
3 463
3 465
3 467
3 469
3 471
3 473
3 475
3 477
3 479
3 481
3 483
3 485
3 487
3 489
3 491
3 493
3 495
3 497
3 499
3 501
3 503
3 505
3 507
3 509
3 511
3 513
3 515
3 517
3 519
3 521
3 523
3 525
3 527
3 529
3 531
3 533
3 535
3 537
3 539
3 541
3 543
3 545
3 547
3 549
3 551
3 553
3 555
3 557
3 559
3 561
3 563
3 565
3 567
3 569
3 571
3 573
3 575
3 577
3 579
3 581
3 583
3 585
3 587
3 589
3 591
3 593
3 595
3 597
3 599
3 601
3 603
3 605
3 607
3 609
3 611
3 613
3 615
3 617
3 619
3 621
3 623
3 625
3 627
3 629
3 631
3 633
3 635
3 637
3 639
3 641
3 643
3 645
3 647
3 649
3 651
3 653
3 655
3 657
3 659
3 661
3 663
3 665
3 667
3 669
3 671
3 673
3 675
3 677
3 679
3 681
3 683
3 685
3 687
3 689
3 691
3 693
3 695
3 697
3 699
3 701
3 703
3 705
3 707
3 709
3 711
3 713
3 715
3 717
3 719
3 721
3 723
3 725
3 727
3 729
3 731
3 733
3 735
3 737
3 739
3 741
3 743
3 745
3 747
3 749
3 751
3 753
3 755
3 757
3 759
3 761
3 763
3 765
3 767
3 769
3 771
3 773
3 775
3 777
3 779
3 781
3 783
3 785
3 787
3 789
3 791
3 793
3 795
3 797
3 799
3 801
3 803
3 805
3 807
3 809
3 811
3 813
3 815
3 817
3 819
3 821
3 823
3 825
3 827
3 829
3 831
3 833
3 835
3 837
3 839
3 841
3 843
3 845
3 847
3 849
3 851
3 853
3 855
3 857
3 859
3 861
3 863
3 865
3 867
3 869
3 871
3 873
3 875
3 877
3 879
3 881
3 883
3 885
3 887
3 889
3 891
3 893
3 895
3 897
3 899
3 901
3 903
3 905
3 907
3 909
3 911
3 913
3 915
3 917
3 919
3 921
3 923
3 925
3 927
3 929
3 931
3 933
3 935
3 937
3 939
3 941
3 943
3 945
3 947
3 949
3 951
3 953
3 955
3 957
3 959
3 961
3 963
3 965
3 967
3 969
3 971
3 973
3 975
3 977
3 979
3 981
3 983
3 985
3 987
3 989
3 991
3 993
3 995
3 997
3 999
4 -1000
4 -998
4 -996
4 -994
4 -992
4 -990
4 -988
4 -986
4 -984
4 -982
4 -980
4 -978
4 -976
4 -974
4 -972
4 -970
4 -968
4 -966
4 -964
4 -962
4 -960
4 -958
4 -956
4 -954
4 -952
4 -950
4 -948
4 -946
4 -944
4 -942
4 -940
4 -938
4 -936
4 -934
4 -932
4 -930
4 -928
4 -926
4 -924
4 -922
4 -920
4 -918
4 -916
4 -914
4 -912
4 -910
4 -908
4 -906
4 -904
4 -902
4 -900
4 -898
4 -896
4 -894
4 -892
4 -890
4 -888
4 -886
4 -884
4 -882
4 -880
4 -878
4 -876
4 -874
4 -872
4 -870
4 -868
4 -866
4 -864
4 -862
4 -860
4 -858
4 -856
4 -854
4 -852
4 -850
4 -848
4 -846
4 -844
4 -842
4 -840
4 -838
4 -836
4 -834
4 -832
4 -830
4 -828
4 -826
4 -824
4 -822
4 -820
4 -818
4 -816
4 -814
4 -812
4 -810
4 -808
4 -806
4 -804
4 -802
4 -800
4 -798
4 -796
4 -794
4 -792
4 -790
4 -788
4 -786
4 -784
4 -782
4 -780
4 -778
4 -776
4 -774
4 -772
4 -770
4 -768
4 -766
4 -764
4 -762
4 -760
4 -758
4 -756
4 -754
4 -752
4 -750
4 -748
4 -746
4 -744
4 -742
4 -740
4 -738
4 -736
4 -734
4 -732
4 -730
4 -728
4 -726
4 -724
4 -722
4 -720
4 -718
4 -716
4 -714
4 -712
4 -710
4 -708
4 -706
4 -704
4 -702
4 -700
4 -698
4 -696
4 -694
4 -692
4 -690
4 -688
4 -686
4 -684
4 -682
4 -680
4 -678
4 -676
4 -674
4 -672
4 -670
4 -668
4 -666
4 -664
4 -662
4 -660
4 -658
4 -656
4 -654
4 -652
4 -650
4 -648
4 -646
4 -644
4 -642
4 -640
4 -638
4 -636
4 -634
4 -632
4 -630
4 -628
4 -626
4 -624
4 -622
4 -620
4 -618
4 -616
4 -614
4 -612
4 -610
4 -608
4 -606
4 -604
4 -602
4 -600
4 -598
4 -596
4 -594
4 -592
4 -590
4 -588
4 -586
4 -584
4 -582
4 -580
4 -578
4 -576
4 -574
4 -572
4 -570
4 -568
4 -566
4 -564
4 -562
4 -560
4 -558
4 -556
4 -554
4 -552
4 -550
4 -548
4 -546
4 -544
4 -542
4 -540
4 -538
4 -536
4 -534
4 -532
4 -530
4 -528
4 -526
4 -524
4 -522
4 -520
4 -518
4 -516
4 -514
4 -512
4 -510
4 -508
4 -506
4 -504
4 -502
4 -500
4 -498
4 -496
4 -494
4 -492
4 -490
4 -488
4 -486
4 -484
4 -482
4 -480
4 -478
4 -476
4 -474
4 -472
4 -470
4 -468
4 -466
4 -464
4 -462
4 -460
4 -458
4 -456
4 -454
4 -452
4 -450
4 -448
4 -446
4 -444
4 -442
4 -440
4 -438
4 -436
4 -434
4 -432
4 -430
4 -428
4 -426
4 -424
4 -422
4 -420
4 -418
4 -416
4 -414
4 -412
4 -410
4 -408
4 -406
4 -404
4 -402
4 -400
4 -398
4 -396
4 -394
4 -392
4 -390
4 -388
4 -386
4 -384
4 -382
4 -380
4 -378
4 -376
4 -374
4 -372
4 -370
4 -368
4 -366
4 -364
4 -362
4 -360
4 -358
4 -356
4 -354
4 -352
4 -350
4 -348
4 -346
4 -344
4 -342
4 -340
4 -338
4 -336
4 -334
4 -332
4 -330
4 -328
4 -326
4 -324
4 -322
4 -320
4 -318
4 -316
4 -314
4 -312
4 -310
4 -308
4 -306
4 -304
4 -302
4 -300
4 -298
4 -296
4 -294
4 -292
4 -290
4 -288
4 -286
4 -284
4 -282
4 -280
4 -278
4 -276
4 -274
4 -272
4 -270
4 -268
4 -266
4 -264
4 -262
4 -260
4 -258
4 -256
4 -254
4 -252
4 -250
4 -248
4 -246
4 -244
4 -242
4 -240
4 -238
4 -236
4 -234
4 -232
4 -230
4 -228
4 -226
4 -224
4 -222
4 -220
4 -218
4 -216
4 -214
4 -212
4 -210
4 -208
4 -206
4 -204
4 -202
4 -200
4 -198
4 -196
4 -194
4 -192
4 -190
4 -188
4 -186
4 -184
4 -182
4 -180
4 -178
4 -176
4 -174
4 -172
4 -170
4 -168
4 -166
4 -164
4 -162
4 -160
4 -158
4 -156
4 -154
4 -152
4 -150
4 -148
4 -146
4 -144
4 -142
4 -140
4 -138
4 -136
4 -134
4 -132
4 -130
4 -128
4 -126
4 -124
4 -122
4 -120
4 -118
4 -116
4 -114
4 -112
4 -110
4 -108
4 -106
4 -104
4 -102
4 -100
4 -98
4 -96
4 -94
4 -92
4 -90
4 -88
4 -86
4 -84
4 -82
4 -80
4 -78
4 -76
4 -74
4 -72
4 -70
4 -68
4 -66
4 -64
4 -62
4 -60
4 -58
4 -56
4 -54
4 -52
4 -50
4 -48
4 -46
4 -44
4 -42
4 -40
4 -38
4 -36
4 -34
4 -32
4 -30
4 -28
4 -26
4 -24
4 -22
4 -20
4 -18
4 -16
4 -14
4 -12
4 -10
4 -8
4 -6
4 -4
4 -2
4 0
4 2
4 4
4 6
4 8
4 10
4 12
4 14
4 16
4 18
4 20
4 22
4 24
4 26
4 28
4 30
4 32
4 34
4 36
4 38
4 40
4 42
4 44
4 46
4 48
4 50
4 52
4 54
4 56
4 58
4 60
4 62
4 64
4 66
4 68
4 70
4 72
4 74
4 76
4 78
4 80
4 82
4 84
4 86
4 88
4 90
4 92
4 94
4 96
4 98
4 100
4 102
4 104
4 106
4 108
4 110
4 112
4 114
4 116
4 118
4 120
4 122
4 124
4 126
4 128
4 130
4 132
4 134
4 136
4 138
4 140
4 142
4 144
4 146
4 148
4 150
4 152
4 154
4 156
4 158
4 160
4 162
4 164
4 166
4 168
4 170
4 172
4 174
4 176
4 178
4 180
4 182
4 184
4 186
4 188
4 190
4 192
4 194
4 196
4 198
4 200
4 202
4 204
4 206
4 208
4 210
4 212
4 214
4 216
4 218
4 220
4 222
4 224
4 226
4 228
4 230
4 232
4 234
4 236
4 238
4 240
4 242
4 244
4 246
4 248
4 250
4 252
4 254
4 256
4 258
4 260
4 262
4 264
4 266
4 268
4 270
4 272
4 274
4 276
4 278
4 280
4 282
4 284
4 286
4 288
4 290
4 292
4 294
4 296
4 298
4 300
4 302
4 304
4 306
4 308
4 310
4 312
4 314
4 316
4 318
4 320
4 322
4 324
4 326
4 328
4 330
4 332
4 334
4 336
4 338
4 340
4 342
4 344
4 346
4 348
4 350
4 352
4 354
4 356
4 358
4 360
4 362
4 364
4 366
4 368
4 370
4 372
4 374
4 376
4 378
4 380
4 382
4 384
4 386
4 388
4 390
4 392
4 394
4 396
4 398
4 400
4 402
4 404
4 406
4 408
4 410
4 412
4 414
4 416
4 418
4 420
4 422
4 424
4 426
4 428
4 430
4 432
4 434
4 436
4 438
4 440
4 442
4 444
4 446
4 448
4 450
4 452
4 454
4 456
4 458
4 460
4 462
4 464
4 466
4 468
4 470
4 472
4 474
4 476
4 478
4 480
4 482
4 484
4 486
4 488
4 490
4 492
4 494
4 496
4 498
4 500
4 502
4 504
4 506
4 508
4 510
4 512
4 514
4 516
4 518
4 520
4 522
4 524
4 526
4 528
4 530
4 532
4 534
4 536
4 538
4 540
4 542
4 544
4 546
4 548
4 550
4 552
4 554
4 556
4 558
4 560
4 562
4 564
4 566
4 568
4 570
4 572
4 574
4 576
4 578
4 580
4 582
4 584
4 586
4 588
4 590
4 592
4 594
4 596
4 598
4 600
4 602
4 604
4 606
4 608
4 610
4 612
4 614
4 616
4 618
4 620
4 622
4 624
4 626
4 628
4 630
4 632
4 634
4 636
4 638
4 640
4 642
4 644
4 646
4 648
4 650
4 652
4 654
4 656
4 658
4 660
4 662
4 664
4 666
4 668
4 670
4 672
4 674
4 676
4 678
4 680
4 682
4 684
4 686
4 688
4 690
4 692
4 694
4 696
4 698
4 700
4 702
4 704
4 706
4 708
4 710
4 712
4 714
4 716
4 718
4 720
4 722
4 724
4 726
4 728
4 730
4 732
4 734
4 736
4 738
4 740
4 742
4 744
4 746
4 748
4 750
4 752
4 754
4 756
4 758
4 760
4 762
4 764
4 766
4 768
4 770
4 772
4 774
4 776
4 778
4 780
4 782
4 784
4 786
4 788
4 790
4 792
4 794
4 796
4 798
4 800
4 802
4 804
4 806
4 808
4 810
4 812
4 814
4 816
4 818
4 820
4 822
4 824
4 826
4 828
4 830
4 832
4 834
4 836
4 838
4 840
4 842
4 844
4 846
4 848
4 850
4 852
4 854
4 856
4 858
4 860
4 862
4 864
4 866
4 868
4 870
4 872
4 874
4 876
4 878
4 880
4 882
4 884
4 886
4 888
4 890
4 892
4 894
4 896
4 898
4 900
4 902
4 904
4 906
4 908
4 910
4 912
4 914
4 916
4 918
4 920
4 922
4 924
4 926
4 928
4 930
4 932
4 934
4 936
4 938
4 940
4 942
4 944
4 946
4 948
4 950
4 952
4 954
4 956
4 958
4 960
4 962
4 964
4 966
4 968
4 970
4 972
4 974
4 976
4 978
4 980
4 982
4 984
4 986
4 988
4 990
4 992
4 994
4 996
4 998
5 -999
5 -997
5 -995
5 -993
5 -991
5 -989
5 -987
5 -985
5 -983
5 -981
5 -979
5 -977
5 -975
5 -973
5 -971
5 -969
5 -967
5 -965
5 -963
5 -961
5 -959
5 -957
5 -955
5 -953
5 -951
5 -949
5 -947
5 -945
5 -943
5 -941
5 -939
5 -937
5 -935
5 -933
5 -931
5 -929
5 -927
5 -925
5 -923
5 -921
5 -919
5 -917
5 -915
5 -913
5 -911
5 -909
5 -907
5 -905
5 -903
5 -901
5 -899
5 -897
5 -895
5 -893
5 -891
5 -889
5 -887
5 -885
5 -883
5 -881
5 -879
5 -877
5 -875
5 -873
5 -871
5 -869
5 -867
5 -865
5 -863
5 -861
5 -859
5 -857
5 -855
5 -853
5 -851
5 -849
5 -847
5 -845
5 -843
5 -841
5 -839
5 -837
5 -835
5 -833
5 -831
5 -829
5 -827
5 -825
5 -823
5 -821
5 -819
5 -817
5 -815
5 -813
5 -811
5 -809
5 -807
5 -805
5 -803
5 -801
5 -799
5 -797
5 -795
5 -793
5 -791
5 -789
5 -787
5 -785
5 -783
5 -781
5 -779
5 -777
5 -775
5 -773
5 -771
5 -769
5 -767
5 -765
5 -763
5 -761
5 -759
5 -757
5 -755
5 -753
5 -751
5 -749
5 -747
5 -745
5 -743
5 -741
5 -739
5 -737
5 -735
5 -733
5 -731
5 -729
5 -727
5 -725
5 -723
5 -721
5 -719
5 -717
5 -715
5 -713
5 -711
5 -709
5 -707
5 -705
5 -703
5 -701
5 -699
5 -697
5 -695
5 -693
5 -691
5 -689
5 -687
5 -685
5 -683
5 -681
5 -679
5 -677
5 -675
5 -673
5 -671
5 -669
5 -667
5 -665
5 -663
5 -661
5 -659
5 -657
5 -655
5 -653
5 -651
5 -649
5 -647
5 -645
5 -643
5 -641
5 -639
5 -637
5 -635
5 -633
5 -631
5 -629
5 -627
5 -625
5 -623
5 -621
5 -619
5 -617
5 -615
5 -613
5 -611
5 -609
5 -607
5 -605
5 -603
5 -601
5 -599
5 -597
5 -595
5 -593
5 -591
5 -589
5 -587
5 -585
5 -583
5 -581
5 -579
5 -577
5 -575
5 -573
5 -571
5 -569
5 -567
5 -565
5 -563
5 -561
5 -559
5 -557
5 -555
5 -553
5 -551
5 -549
5 -547
5 -545
5 -543
5 -541
5 -539
5 -537
5 -535
5 -533
5 -531
5 -529
5 -527
5 -525
5 -523
5 -521
5 -519
5 -517
5 -515
5 -513
5 -511
5 -509
5 -507
5 -505
5 -503
5 -501
5 -499
5 -497
5 -495
5 -493
5 -491
5 -489
5 -487
5 -485
5 -483
5 -481
5 -479
5 -477
5 -475
5 -473
5 -471
5 -469
5 -467
5 -465
5 -463
5 -461
5 -459
5 -457
5 -455
5 -453
5 -451
5 -449
5 -447
5 -445
5 -443
5 -441
5 -439
5 -437
5 -435
5 -433
5 -431
5 -429
5 -427
5 -425
5 -423
5 -421
5 -419
5 -417
5 -415
5 -413
5 -411
5 -409
5 -407
5 -405
5 -403
5 -401
5 -399
5 -397
5 -395
5 -393
5 -391
5 -389
5 -387
5 -385
5 -383
5 -381
5 -379
5 -377
5 -375
5 -373
5 -371
5 -369
5 -367
5 -365
5 -363
5 -361
5 -359
5 -357
5 -355
5 -353
5 -351
5 -349
5 -347
5 -345
5 -343
5 -341
5 -339
5 -337
5 -335
5 -333
5 -331
5 -329
5 -327
5 -325
5 -323
5 -321
5 -319
5 -317
5 -315
5 -313
5 -311
5 -309
5 -307
5 -305
5 -303
5 -301
5 -299
5 -297
5 -295
5 -293
5 -291
5 -289
5 -287
5 -285
5 -283
5 -281
5 -279
5 -277
5 -275
5 -273
5 -271
5 -269
5 -267
5 -265
5 -263
5 -261
5 -259
5 -257
5 -255
5 -253
5 -251
5 -249
5 -247
5 -245
5 -243
5 -241
5 -239
5 -237
5 -235
5 -233
5 -231
5 -229
5 -227
5 -225
5 -223
5 -221
5 -219
5 -217
5 -215
5 -213
5 -211
5 -209
5 -207
5 -205
5 -203
5 -201
5 -199
5 -197
5 -195
5 -193
5 -191
5 -189
5 -187
5 -185
5 -183
5 -181
5 -179
5 -177
5 -175
5 -173
5 -171
5 -169
5 -167
5 -165
5 -163
5 -161
5 -159
5 -157
5 -155
5 -153
5 -151
5 -149
5 -147
5 -145
5 -143
5 -141
5 -139
5 -137
5 -135
5 -133
5 -131
5 -129
5 -127
5 -125
5 -123
5 -121
5 -119
5 -117
5 -115
5 -113
5 -111
5 -109
5 -107
5 -105
5 -103
5 -101
5 -99
5 -97
5 -95
5 -93
5 -91
5 -89
5 -87
5 -85
5 -83
5 -81
5 -79
5 -77
5 -75
5 -73
5 -71
5 -69
5 -67
5 -65
5 -63
5 -61
5 -59
5 -57
5 -55
5 -53
5 -51
5 -49
5 -47
5 -45
5 -43
5 -41
5 -39
5 -37
5 -35
5 -33
5 -31
5 -29
5 -27
5 -25
5 -23
5 -21
5 -19
5 -17
5 -15
5 -13
5 -11
5 -9
5 -7
5 -5
5 -3
5 -1
5 1
5 3
5 5
5 7
5 9
5 11
5 13
5 15
5 17
5 19
5 21
5 23
5 25
5 27
5 29
5 31
5 33
5 35
5 37
5 39
5 41
5 43
5 45
5 47
5 49
5 51
5 53
5 55
5 57
5 59
5 61
5 63
5 65
5 67
5 69
5 71
5 73
5 75
5 77
5 79
5 81
5 83
5 85
5 87
5 89
5 91
5 93
5 95
5 97
5 99
5 101
5 103
5 105
5 107
5 109
5 111
5 113
5 115
5 117
5 119
5 121
5 123
5 125
5 127
5 129
5 131
5 133
5 135
5 137
5 139
5 141
5 143
5 145
5 147
5 149
5 151
5 153
5 155
5 157
5 159
5 161
5 163
5 165
5 167
5 169
5 171
5 173
5 175
5 177
5 179
5 181
5 183
5 185
5 187
5 189
5 191
5 193
5 195
5 197
5 199
5 201
5 203
5 205
5 207
5 209
5 211
5 213
5 215
5 217
5 219
5 221
5 223
5 225
5 227
5 229
5 231
5 233
5 235
5 237
5 239
5 241
5 243
5 245
5 247
5 249
5 251
5 253
5 255
5 257
5 259
5 261
5 263
5 265
5 267
5 269
5 271
5 273
5 275
5 277
5 279
5 281
5 283
5 285
5 287
5 289
5 291
5 293
5 295
5 297
5 299
5 301
5 303
5 305
5 307
5 309
5 311
5 313
5 315
5 317
5 319
5 321
5 323
5 325
5 327
5 329
5 331
5 333
5 335
5 337
5 339
5 341
5 343
5 345
5 347
5 349
5 351
5 353
5 355
5 357
5 359
5 361
5 363
5 365
5 367
5 369
5 371
5 373
5 375
5 377
5 379
5 381
5 383
5 385
5 387
5 389
5 391
5 393
5 395
5 397
5 399
5 401
5 403
5 405
5 407
5 409
5 411
5 413
5 415
5 417
5 419
5 421
5 423
5 425
5 427
5 429
5 431
5 433
5 435
5 437
5 439
5 441
5 443
5 445
5 447
5 449
5 451
5 453
5 455
5 457
5 459
5 461
5 463
5 465
5 467
5 469
5 471
5 473
5 475
5 477
5 479
5 481
5 483
5 485
5 487
5 489
5 491
5 493
5 495
5 497
5 499
5 501
5 503
5 505
5 507
5 509
5 511
5 513
5 515
5 517
5 519
5 521
5 523
5 525
5 527
5 529
5 531
5 533
5 535
5 537
5 539
5 541
5 543
5 545
5 547
5 549
5 551
5 553
5 555
5 557
5 559
5 561
5 563
5 565
5 567
5 569
5 571
5 573
5 575
5 577
5 579
5 581
5 583
5 585
5 587
5 589
5 591
5 593
5 595
5 597
5 599
5 601
5 603
5 605
5 607
5 609
5 611
5 613
5 615
5 617
5 619
5 621
5 623
5 625
5 627
5 629
5 631
5 633
5 635
5 637
5 639
5 641
5 643
5 645
5 647
5 649
5 651
5 653
5 655
5 657
5 659
5 661
5 663
5 665
5 667
5 669
5 671
5 673
5 675
5 677
5 679
5 681
5 683
5 685
5 687
5 689
5 691
5 693
5 695
5 697
5 699
5 701
5 703
5 705
5 707
5 709
5 711
5 713
5 715
5 717
5 719
5 721
5 723
5 725
5 727
5 729
5 731
5 733
5 735
5 737
5 739
5 741
5 743
5 745
5 747
5 749
5 751
5 753
5 755
5 757
5 759
5 761
5 763
5 765
5 767
5 769
5 771
5 773
5 775
5 777
5 779
5 781
5 783
5 785
5 787
5 789
5 791
5 793
5 795
5 797
5 799
5 801
5 803
5 805
5 807
5 809
5 811
5 813
5 815
5 817
5 819
5 821
5 823
5 825
5 827
5 829
5 831
5 833
5 835
5 837
5 839
5 841
5 843
5 845
5 847
5 849
5 851
5 853
5 855
5 857
5 859
5 861
5 863
5 865
5 867
5 869
5 871
5 873
5 875
5 877
5 879
5 881
5 883
5 885
5 887
5 889
5 891
5 893
5 895
5 897
5 899
5 901
5 903
5 905
5 907
5 909
5 911
5 913
5 915
5 917
5 919
5 921
5 923
5 925
5 927
5 929
5 931
5 933
5 935
5 937
5 939
5 941
5 943
5 945
5 947
5 949
5 951
5 953
5 955
5 957
5 959
5 961
5 963
5 965
5 967
5 969
5 971
5 973
5 975
5 977
5 979
5 981
5 983
5 985
5 987
5 989
5 991
5 993
5 995
5 997
5 999
6 -1000
6 -998
6 -996
6 -994
6 -992
6 -990
6 -988
6 -986
6 -984
6 -982
6 -980
6 -978
6 -976
6 -974
6 -972
6 -970
6 -968
6 -966
6 -964
6 -962
6 -960
6 -958
6 -956
6 -954
6 -952
6 -950
6 -948
6 -946
6 -944
6 -942
6 -940
6 -938
6 -936
6 -934
6 -932
6 -930
6 -928
6 -926
6 -924
6 -922
6 -920
6 -918
6 -916
6 -914
6 -912
6 -910
6 -908
6 -906
6 -904
6 -902
6 -900
6 -898
6 -896
6 -894
6 -892
6 -890
6 -888
6 -886
6 -884
6 -882
6 -880
6 -878
6 -876
6 -874
6 -872
6 -870
6 -868
6 -866
6 -864
6 -862
6 -860
6 -858
6 -856
6 -854
6 -852
6 -850
6 -848
6 -846
6 -844
6 -842
6 -840
6 -838
6 -836
6 -834
6 -832
6 -830
6 -828
6 -826
6 -824
6 -822
6 -820
6 -818
6 -816
6 -814
6 -812
6 -810
6 -808
6 -806
6 -804
6 -802
6 -800
6 -798
6 -796
6 -794
6 -792
6 -790
6 -788
6 -786
6 -784
6 -782
6 -780
6 -778
6 -776
6 -774
6 -772
6 -770
6 -768
6 -766
6 -764
6 -762
6 -760
6 -758
6 -756
6 -754
6 -752
6 -750
6 -748
6 -746
6 -744
6 -742
6 -740
6 -738
6 -736
6 -734
6 -732
6 -730
6 -728
6 -726
6 -724
6 -722
6 -720
6 -718
6 -716
6 -714
6 -712
6 -710
6 -708
6 -706
6 -704
6 -702
6 -700
6 -698
6 -696
6 -694
6 -692
6 -690
6 -688
6 -686
6 -684
6 -682
6 -680
6 -678
6 -676
6 -674
6 -672
6 -670
6 -668
6 -666
6 -664
6 -662
6 -660
6 -658
6 -656
6 -654
6 -652
6 -650
6 -648
6 -646
6 -644
6 -642
6 -640
6 -638
6 -636
6 -634
6 -632
6 -630
6 -628
6 -626
6 -624
6 -622
6 -620
6 -618
6 -616
6 -614
6 -612
6 -610
6 -608
6 -606
6 -604
6 -602
6 -600
6 -598
6 -596
6 -594
6 -592
6 -590
6 -588
6 -586
6 -584
6 -582
6 -580
6 -578
6 -576
6 -574
6 -572
6 -570
6 -568
6 -566
6 -564
6 -562
6 -560
6 -558
6 -556
6 -554
6 -552
6 -550
6 -548
6 -546
6 -544
6 -542
6 -540
6 -538
6 -536
6 -534
6 -532
6 -530
6 -528
6 -526
6 -524
6 -522
6 -520
6 -518
6 -516
6 -514
6 -512
6 -510
6 -508
6 -506
6 -504
6 -502
6 -500
6 -498
6 -496
6 -494
6 -492
6 -490
6 -488
6 -486
6 -484
6 -482
6 -480
6 -478
6 -476
6 -474
6 -472
6 -470
6 -468
6 -466
6 -464
6 -462
6 -460
6 -458
6 -456
6 -454
6 -452
6 -450
6 -448
6 -446
6 -444
6 -442
6 -440
6 -438
6 -436
6 -434
6 -432
6 -430
6 -428
6 -426
6 -424
6 -422
6 -420
6 -418
6 -416
6 -414
6 -412
6 -410
6 -408
6 -406
6 -404
6 -402
6 -400
6 -398
6 -396
6 -394
6 -392
6 -390
6 -388
6 -386
6 -384
6 -382
6 -380
6 -378
6 -376
6 -374
6 -372
6 -370
6 -368
6 -366
6 -364
6 -362
6 -360
6 -358
6 -356
6 -354
6 -352
6 -350
6 -348
6 -346
6 -344
6 -342
6 -340
6 -338
6 -336
6 -334
6 -332
6 -330
6 -328
6 -326
6 -324
6 -322
6 -320
6 -318
6 -316
6 -314
6 -312
6 -310
6 -308
6 -306
6 -304
6 -302
6 -300
6 -298
6 -296
6 -294
6 -292
6 -290
6 -288
6 -286
6 -284
6 -282
6 -280
6 -278
6 -276
6 -274
6 -272
6 -270
6 -268
6 -266
6 -264
6 -262
6 -260
6 -258
6 -256
6 -254
6 -252
6 -250
6 -248
6 -246
6 -244
6 -242
6 -240
6 -238
6 -236
6 -234
6 -232
6 -230
6 -228
6 -226
6 -224
6 -222
6 -220
6 -218
6 -216
6 -214
6 -212
6 -210
6 -208
6 -206
6 -204
6 -202
6 -200
6 -198
6 -196
6 -194
6 -192
6 -190
6 -188
6 -186
6 -184
6 -182
6 -180
6 -178
6 -176
6 -174
6 -172
6 -170
6 -168
6 -166
6 -164
6 -162
6 -160
6 -158
6 -156
6 -154
6 -152
6 -150
6 -148
6 -146
6 -144
6 -142
6 -140
6 -138
6 -136
6 -134
6 -132
6 -130
6 -128
6 -126
6 -124
6 -122
6 -120
6 -118
6 -116
6 -114
6 -112
6 -110
6 -108
6 -106
6 -104
6 -102
6 -100
6 -98
6 -96
6 -94
6 -92
6 -90
6 -88
6 -86
6 -84
6 -82
6 -80
6 -78
6 -76
6 -74
6 -72
6 -70
6 -68
6 -66
6 -64
6 -62
6 -60
6 -58
6 -56
6 -54
6 -52
6 -50
6 -48
6 -46
6 -44
6 -42
6 -40
6 -38
6 -36
6 -34
6 -32
6 -30
6 -28
6 -26
6 -24
6 -22
6 -20
6 -18
6 -16
6 -14
6 -12
6 -10
6 -8
6 -6
6 -4
6 -2
6 0
6 2
6 4
6 6
6 8
6 10
6 12
6 14
6 16
6 18
6 20
6 22
6 24
6 26
6 28
6 30
6 32
6 34
6 36
6 38
6 40
6 42
6 44
6 46
6 48
6 50
6 52
6 54
6 56
6 58
6 60
6 62
6 64
6 66
6 68
6 70
6 72
6 74
6 76
6 78
6 80
6 82
6 84
6 86
6 88
6 90
6 92
6 94
6 96
6 98
6 100
6 102
6 104
6 106
6 108
6 110
6 112
6 114
6 116
6 118
6 120
6 122
6 124
6 126
6 128
6 130
6 132
6 134
6 136
6 138
6 140
6 142
6 144
6 146
6 148
6 150
6 152
6 154
6 156
6 158
6 160
6 162
6 164
6 166
6 168
6 170
6 172
6 174
6 176
6 178
6 180
6 182
6 184
6 186
6 188
6 190
6 192
6 194
6 196
6 198
6 200
6 202
6 204
6 206
6 208
6 210
6 212
6 214
6 216
6 218
6 220
6 222
6 224
6 226
6 228
6 230
6 232
6 234
6 236
6 238
6 240
6 242
6 244
6 246
6 248
6 250
6 252
6 254
6 256
6 258
6 260
6 262
6 264
6 266
6 268
6 270
6 272
6 274
6 276
6 278
6 280
6 282
6 284
6 286
6 288
6 290
6 292
6 294
6 296
6 298
6 300
6 302
6 304
6 306
6 308
6 310
6 312
6 314
6 316
6 318
6 320
6 322
6 324
6 326
6 328
6 330
6 332
6 334
6 336
6 338
6 340
6 342
6 344
6 346
6 348
6 350
6 352
6 354
6 356
6 358
6 360
6 362
6 364
6 366
6 368
6 370
6 372
6 374
6 376
6 378
6 380
6 382
6 384
6 386
6 388
6 390
6 392
6 394
6 396
6 398
6 400
6 402
6 404
6 406
6 408
6 410
6 412
6 414
6 416
6 418
6 420
6 422
6 424
6 426
6 428
6 430
6 432
6 434
6 436
6 438
6 440
6 442
6 444
6 446
6 448
6 450
6 452
6 454
6 456
6 458
6 460
6 462
6 464
6 466
6 468
6 470
6 472
6 474
6 476
6 478
6 480
6 482
6 484
6 486
6 488
6 490
6 492
6 494
6 496
6 498
6 500
6 502
6 504
6 506
6 508
6 510
6 512
6 514
6 516
6 518
6 520
6 522
6 524
6 526
6 528
6 530
6 532
6 534
6 536
6 538
6 540
6 542
6 544
6 546
6 548
6 550
6 552
6 554
6 556
6 558
6 560
6 562
6 564
6 566
6 568
6 570
6 572
6 574
6 576
6 578
6 580
6 582
6 584
6 586
6 588
6 590
6 592
6 594
6 596
6 598
6 600
6 602
6 604
6 606
6 608
6 610
6 612
6 614
6 616
6 618
6 620
6 622
6 624
6 626
6 628
6 630
6 632
6 634
6 636
6 638
6 640
6 642
6 644
6 646
6 648
6 650
6 652
6 654
6 656
6 658
6 660
6 662
6 664
6 666
6 668
6 670
6 672
6 674
6 676
6 678
6 680
6 682
6 684
6 686
6 688
6 690
6 692
6 694
6 696
6 698
6 700
6 702
6 704
6 706
6 708
6 710
6 712
6 714
6 716
6 718
6 720
6 722
6 724
6 726
6 728
6 730
6 732
6 734
6 736
6 738
6 740
6 742
6 744
6 746
6 748
6 750
6 752
6 754
6 756
6 758
6 760
6 762
6 764
6 766
6 768
6 770
6 772
6 774
6 776
6 778
6 780
6 782
6 784
6 786
6 788
6 790
6 792
6 794
6 796
6 798
6 800
6 802
6 804
6 806
6 808
6 810
6 812
6 814
6 816
6 818
6 820
6 822
6 824
6 826
6 828
6 830
6 832
6 834
6 836
6 838
6 840
6 842
6 844
6 846
6 848
6 850
6 852
6 854
6 856
6 858
6 860
6 862
6 864
6 866
6 868
6 870
6 872
6 874
6 876
6 878
6 880
6 882
6 884
6 886
6 888
6 890
6 892
6 894
6 896
6 898
6 900
6 902
6 904
6 906
6 908
6 910
6 912
6 914
6 916
6 918
6 920
6 922
6 924
6 926
6 928
6 930
6 932
6 934
6 936
6 938
6 940
6 942
6 944
6 946
6 948
6 950
6 952
6 954
6 956
6 958
6 960
6 962
6 964
6 966
6 968
6 970
6 972
6 974
6 976
6 978
6 980
6 982
6 984
6 986
6 988
6 990
6 992
6 994
6 996
6 998
7 -999
7 -997
7 -995
7 -993
7 -991
7 -989
7 -987
7 -985
7 -983
7 -981
7 -979
7 -977
7 -975
7 -973
7 -971
7 -969
7 -967
7 -965
7 -963
7 -961
7 -959
7 -957
7 -955
7 -953
7 -951
7 -949
7 -947
7 -945
7 -943
7 -941
7 -939
7 -937
7 -935
7 -933
7 -931
7 -929
7 -927
7 -925
7 -923
7 -921
7 -919
7 -917
7 -915
7 -913
7 -911
7 -909
7 -907
7 -905
7 -903
7 -901
7 -899
7 -897
7 -895
7 -893
7 -891
7 -889
7 -887
7 -885
7 -883
7 -881
7 -879
7 -877
7 -875
7 -873
7 -871
7 -869
7 -867
7 -865
7 -863
7 -861
7 -859
7 -857
7 -855
7 -853
7 -851
7 -849
7 -847
7 -845
7 -843
7 -841
7 -839
7 -837
7 -835
7 -833
7 -831
7 -829
7 -827
7 -825
7 -823
7 -821
7 -819
7 -817
7 -815
7 -813
7 -811
7 -809
7 -807
7 -805
7 -803
7 -801
7 -799
7 -797
7 -795
7 -793
7 -791
7 -789
7 -787
7 -785
7 -783
7 -781
7 -779
7 -777
7 -775
7 -773
7 -771
7 -769
7 -767
7 -765
7 -763
7 -761
7 -759
7 -757
7 -755
7 -753
7 -751
7 -749
7 -747
7 -745
7 -743
7 -741
7 -739
7 -737
7 -735
7 -733
7 -731
7 -729
7 -727
7 -725
7 -723
7 -721
7 -719
7 -717
7 -715
7 -713
7 -711
7 -709
7 -707
7 -705
7 -703
7 -701
7 -699
7 -697
7 -695
7 -693
7 -691
7 -689
7 -687
7 -685
7 -683
7 -681
7 -679
7 -677
7 -675
7 -673
7 -671
7 -669
7 -667
7 -665
7 -663
7 -661
7 -659
7 -657
7 -655
7 -653
7 -651
7 -649
7 -647
7 -645
7 -643
7 -641
7 -639
7 -637
7 -635
7 -633
7 -631
7 -629
7 -627
7 -625
7 -623
7 -621
7 -619
7 -617
7 -615
7 -613
7 -611
7 -609
7 -607
7 -605
7 -603
7 -601
7 -599
7 -597
7 -595
7 -593
7 -591
7 -589
7 -587
7 -585
7 -583
7 -581
7 -579
7 -577
7 -575
7 -573
7 -571
7 -569
7 -567
7 -565
7 -563
7 -561
7 -559
7 -557
7 -555
7 -553
7 -551
7 -549
7 -547
7 -545
7 -543
7 -541
7 -539
7 -537
7 -535
7 -533
7 -531
7 -529
7 -527
7 -525
7 -523
7 -521
7 -519
7 -517
7 -515
7 -513
7 -511
7 -509
7 -507
7 -505
7 -503
7 -501
7 -499
7 -497
7 -495
7 -493
7 -491
7 -489
7 -487
7 -485
7 -483
7 -481
7 -479
7 -477
7 -475
7 -473
7 -471
7 -469
7 -467
7 -465
7 -463
7 -461
7 -459
7 -457
7 -455
7 -453
7 -451
7 -449
7 -447
7 -445
7 -443
7 -441
7 -439
7 -437
7 -435
7 -433
7 -431
7 -429
7 -427
7 -425
7 -423
7 -421
7 -419
7 -417
7 -415
7 -413
7 -411
7 -409
7 -407
7 -405
7 -403
7 -401
7 -399
7 -397
7 -395
7 -393
7 -391
7 -389
7 -387
7 -385
7 -383
7 -381
7 -379
7 -377
7 -375
7 -373
7 -371
7 -369
7 -367
7 -365
7 -363
7 -361
7 -359
7 -357
7 -355
7 -353
7 -351
7 -349
7 -347
7 -345
7 -343
7 -341
7 -339
7 -337
7 -335
7 -333
7 -331
7 -329
7 -327
7 -325
7 -323
7 -321
7 -319
7 -317
7 -315
7 -313
7 -311
7 -309
7 -307
7 -305
7 -303
7 -301
7 -299
7 -297
7 -295
7 -293
7 -291
7 -289
7 -287
7 -285
7 -283
7 -281
7 -279
7 -277
7 -275
7 -273
7 -271
7 -269
7 -267
7 -265
7 -263
7 -261
7 -259
7 -257
7 -255
7 -253
7 -251
7 -249
7 -247
7 -245
7 -243
7 -241
7 -239
7 -237
7 -235
7 -233
7 -231
7 -229
7 -227
7 -225
7 -223
7 -221
7 -219
7 -217
7 -215
7 -213
7 -211
7 -209
7 -207
7 -205
7 -203
7 -201
7 -199
7 -197
7 -195
7 -193
7 -191
7 -189
7 -187
7 -185
7 -183
7 -181
7 -179
7 -177
7 -175
7 -173
7 -171
7 -169
7 -167
7 -165
7 -163
7 -161
7 -159
7 -157
7 -155
7 -153
7 -151
7 -149
7 -147
7 -145
7 -143
7 -141
7 -139
7 -137
7 -135
7 -133
7 -131
7 -129
7 -127
7 -125
7 -123
7 -121
7 -119
7 -117
7 -115
7 -113
7 -111
7 -109
7 -107
7 -105
7 -103
7 -101
7 -99
7 -97
7 -95
7 -93
7 -91
7 -89
7 -87
7 -85
7 -83
7 -81
7 -79
7 -77
7 -75
7 -73
7 -71
7 -69
7 -67
7 -65
7 -63
7 -61
7 -59
7 -57
7 -55
7 -53
7 -51
7 -49
7 -47
7 -45
7 -43
7 -41
7 -39
7 -37
7 -35
7 -33
7 -31
7 -29
7 -27
7 -25
7 -23
7 -21
7 -19
7 -17
7 -15
7 -13
7 -11
7 -9
7 -7
7 -5
7 -3
7 -1
7 1
7 3
7 5
7 7
7 9
7 11
7 13
7 15
7 17
7 19
7 21
7 23
7 25
7 27
7 29
7 31
7 33
7 35
7 37
7 39
7 41
7 43
7 45
7 47
7 49
7 51
7 53
7 55
7 57
7 59
7 61
7 63
7 65
7 67
7 69
7 71
7 73
7 75
7 77
7 79
7 81
7 83
7 85
7 87
7 89
7 91
7 93
7 95
7 97
7 99
7 101
7 103
7 105
7 107
7 109
7 111
7 113
7 115
7 117
7 119
7 121
7 123
7 125
7 127
7 129
7 131
7 133
7 135
7 137
7 139
7 141
7 143
7 145
7 147
7 149
7 151
7 153
7 155
7 157
7 159
7 161
7 163
7 165
7 167
7 169
7 171
7 173
7 175
7 177
7 179
7 181
7 183
7 185
7 187
7 189
7 191
7 193
7 195
7 197
7 199
7 201
7 203
7 205
7 207
7 209
7 211
7 213
7 215
7 217
7 219
7 221
7 223
7 225
7 227
7 229
7 231
7 233
7 235
7 237
7 239
7 241
7 243
7 245
7 247
7 249
7 251
7 253
7 255
7 257
7 259
7 261
7 263
7 265
7 267
7 269
7 271
7 273
7 275
7 277
7 279
7 281
7 283
7 285
7 287
7 289
7 291
7 293
7 295
7 297
7 299
7 301
7 303
7 305
7 307
7 309
7 311
7 313
7 315
7 317
7 319
7 321
7 323
7 325
7 327
7 329
7 331
7 333
7 335
7 337
7 339
7 341
7 343
7 345
7 347
7 349
7 351
7 353
7 355
7 357
7 359
7 361
7 363
7 365
7 367
7 369
7 371
7 373
7 375
7 377
7 379
7 381
7 383
7 385
7 387
7 389
7 391
7 393
7 395
7 397
7 399
7 401
7 403
7 405
7 407
7 409
7 411
7 413
7 415
7 417
7 419
7 421
7 423
7 425
7 427
7 429
7 431
7 433
7 435
7 437
7 439
7 441
7 443
7 445
7 447
7 449
7 451
7 453
7 455
7 457
7 459
7 461
7 463
7 465
7 467
7 469
7 471
7 473
7 475
7 477
7 479
7 481
7 483
7 485
7 487
7 489
7 491
7 493
7 495
7 497
7 499
7 501
7 503
7 505
7 507
7 509
7 511
7 513
7 515
7 517
7 519
7 521
7 523
7 525
7 527
7 529
7 531
7 533
7 535
7 537
7 539
7 541
7 543
7 545
7 547
7 549
7 551
7 553
7 555
7 557
7 559
7 561
7 563
7 565
7 567
7 569
7 571
7 573
7 575
7 577
7 579
7 581
7 583
7 585
7 587
7 589
7 591
7 593
7 595
7 597
7 599
7 601
7 603
7 605
7 607
7 609
7 611
7 613
7 615
7 617
7 619
7 621
7 623
7 625
7 627
7 629
7 631
7 633
7 635
7 637
7 639
7 641
7 643
7 645
7 647
7 649
7 651
7 653
7 655
7 657
7 659
7 661
7 663
7 665
7 667
7 669
7 671
7 673
7 675
7 677
7 679
7 681
7 683
7 685
7 687
7 689
7 691
7 693
7 695
7 697
7 699
7 701
7 703
7 705
7 707
7 709
7 711
7 713
7 715
7 717
7 719
7 721
7 723
7 725
7 727
7 729
7 731
7 733
7 735
7 737
7 739
7 741
7 743
7 745
7 747
7 749
7 751
7 753
7 755
7 757
7 759
7 761
7 763
7 765
7 767
7 769
7 771
7 773
7 775
7 777
7 779
7 781
7 783
7 785
7 787
7 789
7 791
7 793
7 795
7 797
7 799
7 801
7 803
7 805
7 807
7 809
7 811
7 813
7 815
7 817
7 819
7 821
7 823
7 825
7 827
7 829
7 831
7 833
7 835
7 837
7 839
7 841
7 843
7 845
7 847
7 849
7 851
7 853
7 855
7 857
7 859
7 861
7 863
7 865
7 867
7 869
7 871
7 873
7 875
7 877
7 879
7 881
7 883
7 885
7 887
7 889
7 891
7 893
7 895
7 897
7 899
7 901
7 903
7 905
7 907
7 909
7 911
7 913
7 915
7 917
7 919
7 921
7 923
7 925
7 927
7 929
7 931
7 933
7 935
7 937
7 939
7 941
7 943
7 945
7 947
7 949
7 951
7 953
7 955
7 957
7 959
7 961
7 963
7 965
7 967
7 969
7 971
7 973
7 975
7 977
7 979
7 981
7 983
7 985
7 987
7 989
7 991
7 993
7 995
7 997
7 999
8 -1000
8 -998
8 -996
8 -994
8 -992
8 -990
8 -988
8 -986
8 -984
8 -982
8 -980
8 -978
8 -976
8 -974
8 -972
8 -970
8 -968
8 -966
8 -964
8 -962
8 -960
8 -958
8 -956
8 -954
8 -952
8 -950
8 -948
8 -946
8 -944
8 -942
8 -940
8 -938
8 -936
8 -934
8 -932
8 -930
8 -928
8 -926
8 -924
8 -922
8 -920
8 -918
8 -916
8 -914
8 -912
8 -910
8 -908
8 -906
8 -904
8 -902
8 -900
8 -898
8 -896
8 -894
8 -892
8 -890
8 -888
8 -886
8 -884
8 -882
8 -880
8 -878
8 -876
8 -874
8 -872
8 -870
8 -868
8 -866
8 -864
8 -862
8 -860
8 -858
8 -856
8 -854
8 -852
8 -850
8 -848
8 -846
8 -844
8 -842
8 -840
8 -838
8 -836
8 -834
8 -832
8 -830
8 -828
8 -826
8 -824
8 -822
8 -820
8 -818
8 -816
8 -814
8 -812
8 -810
8 -808
8 -806
8 -804
8 -802
8 -800
8 -798
8 -796
8 -794
8 -792
8 -790
8 -788
8 -786
8 -784
8 -782
8 -780
8 -778
8 -776
8 -774
8 -772
8 -770
8 -768
8 -766
8 -764
8 -762
8 -760
8 -758
8 -756
8 -754
8 -752
8 -750
8 -748
8 -746
8 -744
8 -742
8 -740
8 -738
8 -736
8 -734
8 -732
8 -730
8 -728
8 -726
8 -724
8 -722
8 -720
8 -718
8 -716
8 -714
8 -712
8 -710
8 -708
8 -706
8 -704
8 -702
8 -700
8 -698
8 -696
8 -694
8 -692
8 -690
8 -688
8 -686
8 -684
8 -682
8 -680
8 -678
8 -676
8 -674
8 -672
8 -670
8 -668
8 -666
8 -664
8 -662
8 -660
8 -658
8 -656
8 -654
8 -652
8 -650
8 -648
8 -646
8 -644
8 -642
8 -640
8 -638
8 -636
8 -634
8 -632
8 -630
8 -628
8 -626
8 -624
8 -622
8 -620
8 -618
8 -616
8 -614
8 -612
8 -610
8 -608
8 -606
8 -604
8 -602
8 -600
8 -598
8 -596
8 -594
8 -592
8 -590
8 -588
8 -586
8 -584
8 -582
8 -580
8 -578
8 -576
8 -574
8 -572
8 -570
8 -568
8 -566
8 -564
8 -562
8 -560
8 -558
8 -556
8 -554
8 -552
8 -550
8 -548
8 -546
8 -544
8 -542
8 -540
8 -538
8 -536
8 -534
8 -532
8 -530
8 -528
8 -526
8 -524
8 -522
8 -520
8 -518
8 -516
8 -514
8 -512
8 -510
8 -508
8 -506
8 -504
8 -502
8 -500
8 -498
8 -496
8 -494
8 -492
8 -490
8 -488
8 -486
8 -484
8 -482
8 -480
8 -478
8 -476
8 -474
8 -472
8 -470
8 -468
8 -466
8 -464
8 -462
8 -460
8 -458
8 -456
8 -454
8 -452
8 -450
8 -448
8 -446
8 -444
8 -442
8 -440
8 -438
8 -436
8 -434
8 -432
8 -430
8 -428
8 -426
8 -424
8 -422
8 -420
8 -418
8 -416
8 -414
8 -412
8 -410
8 -408
8 -406
8 -404
8 -402
8 -400
8 -398
8 -396
8 -394
8 -392
8 -390
8 -388
8 -386
8 -384
8 -382
8 -380
8 -378
8 -376
8 -374
8 -372
8 -370
8 -368
8 -366
8 -364
8 -362
8 -360
8 -358
8 -356
8 -354
8 -352
8 -350
8 -348
8 -346
8 -344
8 -342
8 -340
8 -338
8 -336
8 -334
8 -332
8 -330
8 -328
8 -326
8 -324
8 -322
8 -320
8 -318
8 -316
8 -314
8 -312
8 -310
8 -308
8 -306
8 -304
8 -302
8 -300
8 -298
8 -296
8 -294
8 -292
8 -290
8 -288
8 -286
8 -284
8 -282
8 -280
8 -278
8 -276
8 -274
8 -272
8 -270
8 -268
8 -266
8 -264
8 -262
8 -260
8 -258
8 -256
8 -254
8 -252
8 -250
8 -248
8 -246
8 -244
8 -242
8 -240
8 -238
8 -236
8 -234
8 -232
8 -230
8 -228
8 -226
8 -224
8 -222
8 -220
8 -218
8 -216
8 -214
8 -212
8 -210
8 -208
8 -206
8 -204
8 -202
8 -200
8 -198
8 -196
8 -194
8 -192
8 -190
8 -188
8 -186
8 -184
8 -182
8 -180
8 -178
8 -176
8 -174
8 -172
8 -170
8 -168
8 -166
8 -164
8 -162
8 -160
8 -158
8 -156
8 -154
8 -152
8 -150
8 -148
8 -146
8 -144
8 -142
8 -140
8 -138
8 -136
8 -134
8 -132
8 -130
8 -128
8 -126
8 -124
8 -122
8 -120
8 -118
8 -116
8 -114
8 -112
8 -110
8 -108
8 -106
8 -104
8 -102
8 -100
8 -98
8 -96
8 -94
8 -92
8 -90
8 -88
8 -86
8 -84
8 -82
8 -80
8 -78
8 -76
8 -74
8 -72
8 -70
8 -68
8 -66
8 -64
8 -62
8 -60
8 -58
8 -56
8 -54
8 -52
8 -50
8 -48
8 -46
8 -44
8 -42
8 -40
8 -38
8 -36
8 -34
8 -32
8 -30
8 -28
8 -26
8 -24
8 -22
8 -20
8 -18
8 -16
8 -14
8 -12
8 -10
8 -8
8 -6
8 -4
8 -2
8 0
8 2
8 4
8 6
8 8
8 10
8 12
8 14
8 16
8 18
8 20
8 22
8 24
8 26
8 28
8 30
8 32
8 34
8 36
8 38
8 40
8 42
8 44
8 46
8 48
8 50
8 52
8 54
8 56
8 58
8 60
8 62
8 64
8 66
8 68
8 70
8 72
8 74
8 76
8 78
8 80
8 82
8 84
8 86
8 88
8 90
8 92
8 94
8 96
8 98
8 100
8 102
8 104
8 106
8 108
8 110
8 112
8 114
8 116
8 118
8 120
8 122
8 124
8 126
8 128
8 130
8 132
8 134
8 136
8 138
8 140
8 142
8 144
8 146
8 148
8 150
8 152
8 154
8 156
8 158
8 160
8 162
8 164
8 166
8 168
8 170
8 172
8 174
8 176
8 178
8 180
8 182
8 184
8 186
8 188
8 190
8 192
8 194
8 196
8 198
8 200
8 202
8 204
8 206
8 208
8 210
8 212
8 214
8 216
8 218
8 220
8 222
8 224
8 226
8 228
8 230
8 232
8 234
8 236
8 238
8 240
8 242
8 244
8 246
8 248
8 250
8 252
8 254
8 256
8 258
8 260
8 262
8 264
8 266
8 268
8 270
8 272
8 274
8 276
8 278
8 280
8 282
8 284
8 286
8 288
8 290
8 292
8 294
8 296
8 298
8 300
8 302
8 304
8 306
8 308
8 310
8 312
8 314
8 316
8 318
8 320
8 322
8 324
8 326
8 328
8 330
8 332
8 334
8 336
8 338
8 340
8 342
8 344
8 346
8 348
8 350
8 352
8 354
8 356
8 358
8 360
8 362
8 364
8 366
8 368
8 370
8 372
8 374
8 376
8 378
8 380
8 382
8 384
8 386
8 388
8 390
8 392
8 394
8 396
8 398
8 400
8 402
8 404
8 406
8 408
8 410
8 412
8 414
8 416
8 418
8 420
8 422
8 424
8 426
8 428
8 430
8 432
8 434
8 436
8 438
8 440
8 442
8 444
8 446
8 448
8 450
8 452
8 454
8 456
8 458
8 460
8 462
8 464
8 466
8 468
8 470
8 472
8 474
8 476
8 478
8 480
8 482
8 484
8 486
8 488
8 490
8 492
8 494
8 496
8 498
8 500
8 502
8 504
8 506
8 508
8 510
8 512
8 514
8 516
8 518
8 520
8 522
8 524
8 526
8 528
8 530
8 532
8 534
8 536
8 538
8 540
8 542
8 544
8 546
8 548
8 550
8 552
8 554
8 556
8 558
8 560
8 562
8 564
8 566
8 568
8 570
8 572
8 574
8 576
8 578
8 580
8 582
8 584
8 586
8 588
8 590
8 592
8 594
8 596
8 598
8 600
8 602
8 604
8 606
8 608
8 610
8 612
8 614
8 616
8 618
8 620
8 622
8 624
8 626
8 628
8 630
8 632
8 634
8 636
8 638
8 640
8 642
8 644
8 646
8 648
8 650
8 652
8 654
8 656
8 658
8 660
8 662
8 664
8 666
8 668
8 670
8 672
8 674
8 676
8 678
8 680
8 682
8 684
8 686
8 688
8 690
8 692
8 694
8 696
8 698
8 700
8 702
8 704
8 706
8 708
8 710
8 712
8 714
8 716
8 718
8 720
8 722
8 724
8 726
8 728
8 730
8 732
8 734
8 736
8 738
8 740
8 742
8 744
8 746
8 748
8 750
8 752
8 754
8 756
8 758
8 760
8 762
8 764
8 766
8 768
8 770
8 772
8 774
8 776
8 778
8 780
8 782
8 784
8 786
8 788
8 790
8 792
8 794
8 796
8 798
8 800
8 802
8 804
8 806
8 808
8 810
8 812
8 814
8 816
8 818
8 820
8 822
8 824
8 826
8 828
8 830
8 832
8 834
8 836
8 838
8 840
8 842
8 844
8 846
8 848
8 850
8 852
8 854
8 856
8 858
8 860
8 862
8 864
8 866
8 868
8 870
8 872
8 874
8 876
8 878
8 880
8 882
8 884
8 886
8 888
8 890
8 892
8 894
8 896
8 898
8 900
8 902
8 904
8 906
8 908
8 910
8 912
8 914
8 916
8 918
8 920
8 922
8 924
8 926
8 928
8 930
8 932
8 934
8 936
8 938
8 940
8 942
8 944
8 946
8 948
8 950
8 952
8 954
8 956
8 958
8 960
8 962
8 964
8 966
8 968
8 970
8 972
8 974
8 976
8 978
8 980
8 982
8 984
8 986
8 988
8 990
8 992
8 994
8 996
8 998
9 -999
9 -997
9 -995
9 -993
9 -991
9 -989
9 -987
9 -985
9 -983
9 -981
9 -979
9 -977
9 -975
9 -973
9 -971
9 -969
9 -967
9 -965
9 -963
9 -961
9 -959
9 -957
9 -955
9 -953
9 -951
9 -949
9 -947
9 -945
9 -943
9 -941
9 -939
9 -937
9 -935
9 -933
9 -931
9 -929
9 -927
9 -925
9 -923
9 -921
9 -919
9 -917
9 -915
9 -913
9 -911
9 -909
9 -907
9 -905
9 -903
9 -901
9 -899
9 -897
9 -895
9 -893
9 -891
9 -889
9 -887
9 -885
9 -883
9 -881
9 -879
9 -877
9 -875
9 -873
9 -871
9 -869
9 -867
9 -865
9 -863
9 -861
9 -859
9 -857
9 -855
9 -853
9 -851
9 -849
9 -847
9 -845
9 -843
9 -841
9 -839
9 -837
9 -835
9 -833
9 -831
9 -829
9 -827
9 -825
9 -823
9 -821
9 -819
9 -817
9 -815
9 -813
9 -811
9 -809
9 -807
9 -805
9 -803
9 -801
9 -799
9 -797
9 -795
9 -793
9 -791
9 -789
9 -787
9 -785
9 -783
9 -781
9 -779
9 -777
9 -775
9 -773
9 -771
9 -769
9 -767
9 -765
9 -763
9 -761
9 -759
9 -757
9 -755
9 -753
9 -751
9 -749
9 -747
9 -745
9 -743
9 -741
9 -739
9 -737
9 -735
9 -733
9 -731
9 -729
9 -727
9 -725
9 -723
9 -721
9 -719
9 -717
9 -715
9 -713
9 -711
9 -709
9 -707
9 -705
9 -703
9 -701
9 -699
9 -697
9 -695
9 -693
9 -691
9 -689
9 -687
9 -685
9 -683
9 -681
9 -679
9 -677
9 -675
9 -673
9 -671
9 -669
9 -667
9 -665
9 -663
9 -661
9 -659
9 -657
9 -655
9 -653
9 -651
9 -649
9 -647
9 -645
9 -643
9 -641
9 -639
9 -637
9 -635
9 -633
9 -631
9 -629
9 -627
9 -625
9 -623
9 -621
9 -619
9 -617
9 -615
9 -613
9 -611
9 -609
9 -607
9 -605
9 -603
9 -601
9 -599
9 -597
9 -595
9 -593
9 -591
9 -589
9 -587
9 -585
9 -583
9 -581
9 -579
9 -577
9 -575
9 -573
9 -571
9 -569
9 -567
9 -565
9 -563
9 -561
9 -559
9 -557
9 -555
9 -553
9 -551
9 -549
9 -547
9 -545
9 -543
9 -541
9 -539
9 -537
9 -535
9 -533
9 -531
9 -529
9 -527
9 -525
9 -523
9 -521
9 -519
9 -517
9 -515
9 -513
9 -511
9 -509
9 -507
9 -505
9 -503
9 -501
9 -499
9 -497
9 -495
9 -493
9 -491
9 -489
9 -487
9 -485
9 -483
9 -481
9 -479
9 -477
9 -475
9 -473
9 -471
9 -469
9 -467
9 -465
9 -463
9 -461
9 -459
9 -457
9 -455
9 -453
9 -451
9 -449
9 -447
9 -445
9 -443
9 -441
9 -439
9 -437
9 -435
9 -433
9 -431
9 -429
9 -427
9 -425
9 -423
9 -421
9 -419
9 -417
9 -415
9 -413
9 -411
9 -409
9 -407
9 -405
9 -403
9 -401
9 -399
9 -397
9 -395
9 -393
9 -391
9 -389
9 -387
9 -385
9 -383
9 -381
9 -379
9 -377
9 -375
9 -373
9 -371
9 -369
9 -367
9 -365
9 -363
9 -361
9 -359
9 -357
9 -355
9 -353
9 -351
9 -349
9 -347
9 -345
9 -343
9 -341
9 -339
9 -337
9 -335
9 -333
9 -331
9 -329
9 -327
9 -325
9 -323
9 -321
9 -319
9 -317
9 -315
9 -313
9 -311
9 -309
9 -307
9 -305
9 -303
9 -301
9 -299
9 -297
9 -295
9 -293
9 -291
9 -289
9 -287
9 -285
9 -283
9 -281
9 -279
9 -277
9 -275
9 -273
9 -271
9 -269
9 -267
9 -265
9 -263
9 -261
9 -259
9 -257
9 -255
9 -253
9 -251
9 -249
9 -247
9 -245
9 -243
9 -241
9 -239
9 -237
9 -235
9 -233
9 -231
9 -229
9 -227
9 -225
9 -223
9 -221
9 -219
9 -217
9 -215
9 -213
9 -211
9 -209
9 -207
9 -205
9 -203
9 -201
9 -199
9 -197
9 -195
9 -193
9 -191
9 -189
9 -187
9 -185
9 -183
9 -181
9 -179
9 -177
9 -175
9 -173
9 -171
9 -169
9 -167
9 -165
9 -163
9 -161
9 -159
9 -157
9 -155
9 -153
9 -151
9 -149
9 -147
9 -145
9 -143
9 -141
9 -139
9 -137
9 -135
9 -133
9 -131
9 -129
9 -127
9 -125
9 -123
9 -121
9 -119
9 -117
9 -115
9 -113
9 -111
9 -109
9 -107
9 -105
9 -103
9 -101
9 -99
9 -97
9 -95
9 -93
9 -91
9 -89
9 -87
9 -85
9 -83
9 -81
9 -79
9 -77
9 -75
9 -73
9 -71
9 -69
9 -67
9 -65
9 -63
9 -61
9 -59
9 -57
9 -55
9 -53
9 -51
9 -49
9 -47
9 -45
9 -43
9 -41
9 -39
9 -37
9 -35
9 -33
9 -31
9 -29
9 -27
9 -25
9 -23
9 -21
9 -19
9 -17
9 -15
9 -13
9 -11
9 -9
9 -7
9 -5
9 -3
9 -1
9 1
9 3
9 5
9 7
9 9
9 11
9 13
9 15
9 17
9 19
9 21
9 23
9 25
9 27
9 29
9 31
9 33
9 35
9 37
9 39
9 41
9 43
9 45
9 47
9 49
9 51
9 53
9 55
9 57
9 59
9 61
9 63
9 65
9 67
9 69
9 71
9 73
9 75
9 77
9 79
9 81
9 83
9 85
9 87
9 89
9 91
9 93
9 95
9 97
9 99
9 101
9 103
9 105
9 107
9 109
9 111
9 113
9 115
9 117
9 119
9 121
9 123
9 125
9 127
9 129
9 131
9 133
9 135
9 137
9 139
9 141
9 143
9 145
9 147
9 149
9 151
9 153
9 155
9 157
9 159
9 161
9 163
9 165
9 167
9 169
9 171
9 173
9 175
9 177
9 179
9 181
9 183
9 185
9 187
9 189
9 191
9 193
9 195
9 197
9 199
9 201
9 203
9 205
9 207
9 209
9 211
9 213
9 215
9 217
9 219
9 221
9 223
9 225
9 227
9 229
9 231
9 233
9 235
9 237
9 239
9 241
9 243
9 245
9 247
9 249
9 251
9 253
9 255
9 257
9 259
9 261
9 263
9 265
9 267
9 269
9 271
9 273
9 275
9 277
9 279
9 281
9 283
9 285
9 287
9 289
9 291
9 293
9 295
9 297
9 299
9 301
9 303
9 305
9 307
9 309
9 311
9 313
9 315
9 317
9 319
9 321
9 323
9 325
9 327
9 329
9 331
9 333
9 335
9 337
9 339
9 341
9 343
9 345
9 347
9 349
9 351
9 353
9 355
9 357
9 359
9 361
9 363
9 365
9 367
9 369
9 371
9 373
9 375
9 377
9 379
9 381
9 383
9 385
9 387
9 389
9 391
9 393
9 395
9 397
9 399
9 401
9 403
9 405
9 407
9 409
9 411
9 413
9 415
9 417
9 419
9 421
9 423
9 425
9 427
9 429
9 431
9 433
9 435
9 437
9 439
9 441
9 443
9 445
9 447
9 449
9 451
9 453
9 455
9 457
9 459
9 461
9 463
9 465
9 467
9 469
9 471
9 473
9 475
9 477
9 479
9 481
9 483
9 485
9 487
9 489
9 491
9 493
9 495
9 497
9 499
9 501
9 503
9 505
9 507
9 509
9 511
9 513
9 515
9 517
9 519
9 521
9 523
9 525
9 527
9 529
9 531
9 533
9 535
9 537
9 539
9 541
9 543
9 545
9 547
9 549
9 551
9 553
9 555
9 557
9 559
9 561
9 563
9 565
9 567
9 569
9 571
9 573
9 575
9 577
9 579
9 581
9 583
9 585
9 587
9 589
9 591
9 593
9 595
9 597
9 599
9 601
9 603
9 605
9 607
9 609
9 611
9 613
9 615
9 617
9 619
9 621
9 623
9 625
9 627
9 629
9 631
9 633
9 635
9 637
9 639
9 641
9 643
9 645
9 647
9 649
9 651
9 653
9 655
9 657
9 659
9 661
9 663
9 665
9 667
9 669
9 671
9 673
9 675
9 677
9 679
9 681
9 683
9 685
9 687
9 689
9 691
9 693
9 695
9 697
9 699
9 701
9 703
9 705
9 707
9 709
9 711
9 713
9 715
9 717
9 719
9 721
9 723
9 725
9 727
9 729
9 731
9 733
9 735
9 737
9 739
9 741
9 743
9 745
9 747
9 749
9 751
9 753
9 755
9 757
9 759
9 761
9 763
9 765
9 767
9 769
9 771
9 773
9 775
9 777
9 779
9 781
9 783
9 785
9 787
9 789
9 791
9 793
9 795
9 797
9 799
9 801
9 803
9 805
9 807
9 809
9 811
9 813
9 815
9 817
9 819
9 821
9 823
9 825
9 827
9 829
9 831
9 833
9 835
9 837
9 839
9 841
9 843
9 845
9 847
9 849
9 851
9 853
9 855
9 857
9 859
9 861
9 863
9 865
9 867
9 869
9 871
9 873
9 875
9 877
9 879
9 881
9 883
9 885
9 887
9 889
9 891
9 893
9 895
9 897
9 899
9 901
9 903
9 905
9 907
9 909
9 911
9 913
9 915
9 917
9 919
9 921
9 923
9 925
9 927
9 929
9 931
9 933
9 935
9 937
9 939
9 941
9 943
9 945
9 947
9 949
9 951
9 953
9 955
9 957
9 959
9 961
9 963
9 965
9 967
9 969
9 971
9 973
9 975
9 977
9 979
9 981
9 983
9 985
9 987
9 989
9 991
9 993
9 995
9 997
9 999
