1000
-621236 154755
604286 424569
881344 712287
369077 422080
-464405 -737924
-34382 -93914
-569280 -300596
527249 981226
-425894 478664
-655597 928184
-858006 -351719
203627 898045
-5842 777737
230460 -262136
28893 242796
528441 -403381
-700312 131879
737869 847175
288848 87294
-123713 -793633
-548539 796238
-841283 -88324
-13960 -959732
-541576 -988769
468193 739856
363192 291566
400317 -223018
991429 -85053
-637960 355018
810015 -430165
331421 196874
449139 680264
141199 -132885
24484 -460546
795662 -67660
-244496 -143943
500960 -17857
623284 198413
350870 -515
875310 -807354
-378895 -938774
548008 -551370
825197 -624093
-464187 377383
-444083 -188988
-367398 972847
785203 -170749
-171638 188695
-762184 -243076
580310 410816
407717 718574
-349437 160324
-590063 976289
-227100 -611277
-467542 -117238
-123933 -207369
-971853 962057
-237641 231711
-113766 -529839
-30250 -266411
497305 407732
-723251 -718286
736780 934342
-987404 262819
594513 798602
377841 931821
797075 -992605
-479215 108968
-979300 -373251
-573989 -363261
760618 -251150
50946 -745833
-706960 -439948
-425468 -115071
605632 -999451
-230222 -266111
-367322 827404
-101830 -338666
-189006 -398332
-700740 -524697
47374 4504
-353452 -963924
-129965 390875
-538405 -276473
-749192 756540
139412 30968
303861 281661
248580 814928
-128250 -552542
435703 329737
-427370 238675
790335 970464
-200279 -168038
349620 -254674
-881394 146366
519081 565723
372131 -821730
819127 507431
-569306 -127679
787683 791849
419524 -529758
-665618 -925384
-880749 930712
-963555 -829126
-901020 544413
229852 255041
209087 -977695
-532674 655562
974834 -319162
-811488 53882
-171943 358216
683072 -776427
-689353 -217977
-832493 -91084
551684 922812
-8610 31439
908731 236685
17869 513673
466311 363860
389171 -436299
-148380 99165
-791647 -992266
84654 483433
-226307 -351047
-295056 720750
-948528 -864685
-978700 -663403
399891 -362727
-236609 -826157
-316356 -238616
-810270 739726
-42821 -801331
875841 -662575
623422 -846064
660346 555204
769628 971698
-103519 356770
173514 -288879
756222 610540
354850 908447
-464690 150081
320409 339772
-659785 -425752
281062 646843
-485899 991698
358525 -666819
483715 3883
-153033 914659
608225 890898
675936 -162704
479658 -495137
886 -836363
-605481 915161
-73146 -204604
-453120 -718630
-796964 450651
975552 944562
860454 -80407
259362 31253
16315 292696
759777 387465
271084 480574
442348 -454819
-238783 -190797
-76656 -560677
606680 -272623
812744 -132979
-713497 -315287
-942897 -292597
-653496 45970
139616 56943
995623 -12237
-760806 -907001
794858 592832
-61615 -381942
679555 -666858
67379 -124635
-919852 -750105
-600788 -482287
-505841 102968
673012 326325
-998917 -594982
-710892 100398
711081 -312315
-421593 734660
-688190 -683597
681769 636870
-237750 -117409
-268228 469320
-923023 -572998
-632435 -47054
912769 -380683
181213 359644
-720200 949551
191686 460273
233454 -892210
-880100 566659
668816 -710032
-459700 -724635
-447828 144213
825828 277842
735403 386315
890866 429214
-370852 172536
-81855 733635
872429 -245456
-866303 311998
-361097 876407
820059 -621245
-912101 -244446
-596675 316112
-422880 -931804
60589 864999
161417 656879
-509568 480699
955998 -249805
-885221 -542401
507519 555491
-59126 -898800
901658 142437
134004 -107727
-806986 -925344
-526230 324370
453736 222231
182393 -264050
204331 -124242
-333703 269456
553941 995027
-499948 670792
-567864 311285
428282 22088
-344699 903507
-409979 56769
930091 133960
652426 -23824
-415373 -668258
861961 969278
-142416 164251
-821875 70152
-944579 437349
-583453 706609
329628 -741549
-941098 157125
507184 -113187
993101 -359145
875085 30336
288691 -949035
-558420 -451044
-152270 -118915
-183480 121555
429652 -423148
394817 -103565
564323 -540371
-683990 606180
725551 -586924
493459 -961822
134252 -309209
-419028 46661
-857911 -179217
512677 166912
-113489 -186342
-929654 411361
37478 287464
698759 -824480
-234230 -212519
-796180 -253909
-457166 795526
112822 813136
516471 -552482
-842920 84261
378644 -285080
-233109 743929
-127636 954848
-257131 356264
768417 -868546
998792 -351012
379316 -652627
-425468 170018
980037 -901558
744477 -78275
-578801 791821
-79168 -953915
157724 -368463
574618 732359
-977180 274661
337236 -473027
-397899 -284070
-28256 -768711
80547 -840273
787804 666920
516151 -410189
490195 266757
312885 -500231
-555555 219639
555437 -322627
360581 -194652
-968389 -826966
265233 794150
445590 397705
-300918 -196155
578387 -506951
-389921 -289522
-520070 -447184
689634 -861567
-986185 -413684
821289 637316
-92579 487577
729792 -351748
-16762 -920194
12508 -922403
-290233 642970
986459 156688
-568627 848492
-383007 -615137
193740 -475143
-823769 757588
517185 -156856
346378 -166220
-321087 -230296
-368219 758242
-292421 958569
-873513 -918518
-532305 -273310
-98575 -26666
475582 -297481
376987 405887
-893453 -345371
-994877 -927774
734392 -48058
454194 -492934
449861 -727065
-917413 743590
-740953 -136751
-681102 607478
801107 -702892
-905808 -376705
-224976 -311664
515421 300109
-607643 -710681
409299 -632626
109131 -79346
7233 969744
-304499 257722
204934 972817
-458373 -660468
139673 760436
-281589 668755
135232 -94763
-254909 936598
935776 224892
-962680 -277638
790640 264917
228484 -703580
-189884 -291843
781829 75910
787255 -541904
-641604 -593516
-977082 -683729
675905 692116
598748 -798390
-161192 356412
-3472 419084
-926376 -539149
986373 129448
785453 -534767
-810436 -584670
174095 42072
-123595 -961046
-184846 -406493
-219026 -811818
-298890 -26469
-884531 -833749
-160833 -354439
712252 754804
-33260 823534
859171 -238109
582879 -747132
430340 -69674
-215651 337111
102294 -797543
485999 -412060
-520206 343015
176667 812366
-467523 587783
337766 370832
451582 -597744
630523 69520
321003 887113
198811 -965142
-222510 -768607
-763221 959287
436337 722078
-472010 -998067
-905797 -456137
415770 678160
-90399 -448578
-540692 1051
242999 338698
-309970 732298
477009 722171
905076 323068
-257451 -107865
-81743 462357
874019 527209
-401772 222997
-332329 506173
-770573 168735
-461170 213818
-766194 175941
246434 -481475
-539552 -385467
419079 -550761
194819 -983491
-389651 -567557
-457592 887884
-381813 702027
633102 955718
-71620 697494
528867 -388038
337732 -189888
735898 -313043
-432528 31729
-809932 -53645
538502 -1829
-100746 -480152
70660 658585
861723 -143714
530792 636897
754578 53639
686104 -857755
20967 -847443
771856 769971
52258 63997
274301 305237
360712 -549881
-96001 -533544
-467764 -531968
438583 -660178
-325333 263877
-72158 894149
-957578 -772770
-815812 93102
355974 -109757
-547198 -493835
330587 -672373
-552998 -960028
234299 111800
581886 -650086
-134650 531941
-405826 500775
910262 432156
-162690 -449933
384236 523407
-204809 -263313
-104225 -930191
-94791 -243480
-800075 452403
542345 114981
824032 44845
-872948 -670116
723202 472650
-80009 377508
-880270 -663571
485764 -237729
-974398 846000
92206 399941
95545 -887681
-834375 244438
-831095 720946
570242 680657
-46531 -800028
93648 -189313
932743 347209
420211 983056
840286 714798
-543500 -913628
932229 819401
-237348 902953
27255 -894798
898714 -197698
4809 -108023
21738 -639912
330379 -679938
-467064 -88266
-838205 432737
367463 -154565
-697860 -199978
-804784 -557332
434483 -855497
42290 413507
315340 551234
-962489 52743
-892429 -448392
226695 481639
657414 -450763
-315906 -297782
-715744 -800964
-925330 98226
-981004 814940
129123 490253
-424295 956512
-88449 19811
-753105 -108229
-993634 296298
488219 157344
621114 -170313
955099 -344360
335521 -23130
316955 378507
680055 443974
728465 61067
651939 740899
-745220 -39118
-616385 794439
-530622 -17045
813455 733012
369210 817883
-426408 -849869
-6832 -884698
416925 -364221
285498 -587116
-535745 -702729
904431 722537
-668596 545263
425862 -617494
431661 531182
-481909 28874
157870 -286852
-562626 -928992
-675406 243494
-832879 563763
-534932 139421
-500815 -307203
637755 -537320
-589185 -72391
16531 -934287
-388828 343119
-335991 -169736
27981 351048
407538 -364620
946037 966819
75731 116
906431 470433
304387 886956
-439605 -502663
-29363 -293990
569858 -818652
-919250 -190782
-333824 169264
-201802 -167678
409443 636700
584957 -731375
297436 -67477
490080 105429
60665 -18474
-551068 468407
100294 -295213
794993 -332921
695056 193129
-374186 576781
-443571 -508041
722944 -661557
305297 809165
-326230 238963
191370 510530
-546473 21116
-588008 -727499
88541 -854431
-653495 -911450
-206455 -698359
-599730 -963959
-466201 -515825
226541 -96904
-263779 -999102
556019 -30581
-359433 653567
-542067 -472691
779023 -44490
-650668 -880886
422783 539964
-274813 -189321
156809 806268
48316 364965
-656454 175716
611806 -519137
-878414 379640
398491 -777676
87039 -772979
-722155 288123
-559693 -846136
296503 76198
934163 -432368
732476 -682951
804414 636587
-382156 285225
440576 985652
-686753 710271
-446199 -194183
-241222 -160627
-152536 347806
481798 141403
-728940 -393787
446472 -191656
58110 -724602
-145969 413756
230641 411312
-902292 730636
-446986 -944049
752565 -769653
880807 -982988
752914 693410
254916 490478
-520748 -511822
237009 -625100
609910 261325
326347 862577
-100013 144942
-829124 -485221
-738032 982481
612332 -932673
-69379 -346458
-261759 942172
627611 -623562
755744 -692665
824250 927484
371478 171609
-559595 -161811
-453093 209100
-775604 -152982
-197086 -282269
-316194 -480612
-634148 376427
610271 -143849
-605031 -571912
-316744 785060
58795 -654364
455433 876302
73554 594592
-973815 383931
303273 672603
633923 -645678
847540 -8779
-184411 -831832
-648863 744618
61489 -526176
-999733 467611
-637069 -146824
468272 -529933
-38490 115132
-152790 818316
-279125 -778884
132763 -561105
-513289 190846
874326 837704
-297375 -610319
812256 -562758
-511818 -71256
300941 -127768
16302 -891495
470634 549348
-60988 941581
-767265 -98230
-414757 392740
140010 545614
870493 -821583
762898 912218
140113 743072
685591 -51338
-89791 -53813
-203878 247924
9616 -458038
-184171 -33423
-308573 -711754
-110022 960485
594104 498348
-382426 -731152
-771215 804685
581805 -785893
-816347 144016
349775 398823
213210 285497
-444531 289766
-823284 -133301
-166849 -326197
2309 -43981
-318838 771790
-360435 -100203
-267252 -709918
-680637 142061
980591 -627380
569604 141872
-718551 292996
387504 -574703
975052 929949
-39945 -725375
791737 579623
-569013 55970
113828 -551547
142383 976674
692533 -425462
-430298 819217
-514700 313229
62855 -307872
852911 816921
527658 -560001
-288418 401298
-685326 -103357
-457823 699293
-257372 -87062
661718 -491476
424352 -662827
119765 204313
-879580 341797
-911217 -551710
-674989 -373865
168426 335910
228153 344313
-328356 574494
423323 899953
-840542 199315
-248202 -446643
290185 298348
-460609 261452
-241600 -619773
-446086 -236187
371698 643372
-881226 861441
958489 -427395
540353 -955900
757704 550687
-959245 367507
671023 829047
-959119 333555
-420434 219936
983826 -614554
-591911 -851035
-767605 514746
626054 294213
107846 830526
-705572 82221
-219168 286765
-609545 138692
-562710 -88120
-178258 348289
501666 724393
-271560 328590
-212664 622077
443916 -105700
-26027 124681
302258 -539687
86020 326954
-339197 -937454
-400098 276851
30364 70217
326754 174861
-162497 383260
339074 -943441
-234421 -527445
904999 951004
159172 -61417
-162882 661517
699289 -173762
24293 644286
62860 947567
-729666 -386935
20706 302672
-559 -415220
867234 -14436
-822629 585307
-804335 -672260
278552 -855152
-618912 651925
766710 -38151
-583342 -414776
952943 -72264
668093 -388517
192686 -767942
137384 69825
-584488 833902
935791 131153
156303 543190
-418342 -206691
-17740 -861872
-15447 -11781
475695 -825265
625870 541892
-981005 932324
597180 -323250
-140064 759769
965473 -342780
624252 753913
213870 339099
682922 -904173
153496 707044
671990 664328
-390891 302542
345057 276651
123015 302306
-396414 640365
866705 962449
806114 -294507
444892 694541
-552978 -998271
587542 -90880
-67902 -635430
-579902 995832
-764152 555346
-728689 588114
-132035 -184461
233486 -515951
624218 -116319
161840 826755
953485 991208
-490494 531748
946574 164301
-131796 759657
771434 -863847
-345590 -998959
541288 -286184
-514742 -436849
697497 -507114
-549581 -457624
-786124 611647
815191 67381
919035 916583
887738 746725
282143 -277816
-658536 -547823
144987 -343271
-580933 3973
-489525 376858
465463 -992501
898999 -134604
-814412 -122799
-882847 672722
-446544 -865917
458570 742463
895032 34996
-357757 -897412
-78481 -561189
-328806 -600826
588688 733027
781072 729412
502098 -558797
-619435 -803580
-695231 403362
-998338 -475344
-133828 -330317
354296 -331010
-104959 -246250
-467115 -676299
329557 81667
856495 -305570
103276 -49428
-673288 -422358
328833 506179
-733931 525228
-98837 284368
30892 815478
-737194 -970184
448230 -508586
578123 802905
374598 -892193
-941860 618036
-653259 -149568
143192 -403380
852802 399036
-405593 776629
-489294 -688891
74954 175650
-168284 -613844
-660940 -45612
748777 -662516
-898999 -214036
-603130 -443697
-302333 313838
330648 -472034
-817381 596532
434192 632282
435046 146564
508250 -777531
-73395 326122
72064 599214
409313 -108681
-748235 -599307
-159173 641872
-136671 -265823
151827 -990534
-287889 852424
-499842 -900508
-246676 -892184
707701 -599880
-556429 63083
428579 462400
-434389 -735772
200480 947797
67884 -749054
-271240 794285
-643098 -621600
-421325 255581
736660 -587531
319234 -177626
-849602 564879
-110724 -363939
322134 -165487
-747653 482281
153348 580810
538424 392059
738089 959773
843831 112092
-517107 -449175
-256694 -558279
-951208 608125
-721980 -982007
-831828 186992
-23510 -286103
311912 -998597
-510843 -756929
856258 -202350
-8278 808435
201515 769262
402680 -792442
708360 -374660
-952169 -465863
234969 -553489
-436472 747311
-581655 50016
727792 -66342
-589898 -661294
497747 -682078
569527 -431495
697697 187126
902175 -312408
118986 539454
520557 -708781
-340997 -237607
657777 -241184
415264 -879276
-939991 548954
588532 486019
649338 704777
612718 997462
322021 -707536
186738 230358
-198479 -433602
824104 -860191
-742659 910580
206402 911497
-500098 -715797
-368264 -225693
338548 -229246
-371230 294814
384733 -424690
499872 -266177
-933927 940561
253914 502542
611690 -442985
-519311 -787749
442639 206757
-110172 -821346
-195538 370112
-62957 346062
-355777 -850228
-3766 -832253
-116305 -234075
757440 290312
974515 -819115
290994 -283260
164751 493788
427884 725093
-52978 655608
-405567 322067
173384 -905639
676266 -906447
142491 -457523
-354230 527332
-23262 -720190
960938 -111505
-898528 940347
-877911 583338
71470 354512
-531259 377438
84741 52595
-827996 535278
474832 692754
629900 -615594
-866972 350421
-779116 -705348
791488 -879565
27906 -789715
301985 153589
-833386 634686
156974 -637497
662871 959030
716446 -335412
92443 855584
-831229 -938585
-403995 107218
-388069 -816812
-535036 201793
