46
-246062 208730
-66928 91615
-545921 201969
-398511 172465
328515 -43990
747754 590549
527221 266763
520212 -519981
119159 -381123
831667 156857
-568238 408185
7016 301459
651805 -743307
-325441 -675885
-136529 40251
291551 54467
-727124 804912
334617 -577086
-286774 -590244
-55302 -925484
-682490 -220148
-457458 -790686
756360 860992
152758 520630
248877 -567359
921197 342979
-760955 -610412
-971819 482038
-216598 711074
-861412 -772946
-115253 -540976
-516017 -682007
-172549 -997851
194187 109166
194021 -919548
-327606 812804
777195 -556878
-435193 47321
-624268 -562438
238647 -180718
-741615 -750461
-386143 429969
-568674 -317582
519366 96236
453016 -599007
347702 963210
