1000
311788 -939646
574909 92662
-803459 528491
436229 410617
-771611 -110960
-722818 721868
974256 52674
-33458 -193819
627626 876786
-998185 -11353
636428 -49527
-530948 703768
-313911 655233
57213 -82214
392550 899723
133545 21269
214909 -410136
-594756 476829
-802080 -273146
-794523 -648612
-775845 656460
-850304 -645744
-274071 825523
-263113 729981
-611913 680313
727260 -224192
-71849 -988172
157840 317662
-859528 296105
707284 -748247
-401384 -533803
-678773 139893
-639738 -943276
-382225 -562988
472236 208202
974940 485108
626319 600784
-289585 778811
878611 -238740
888717 -981441
878217 -272271
-684604 245755
333705 735263
797830 247273
-984916 220161
-393783 -874848
606992 174998
-436255 114792
-161163 -167355
-970423 -490702
798314 761926
646972 -663957
-549031 -249689
-230543 626727
-345423 415510
-689294 -335230
627922 342179
837370 964843
393508 907237
402027 -727298
503821 -570590
826146 182976
-848673 179222
-604986 573366
-893454 513183
172902 -603548
305189 -426909
87548 -144093
545280 33827
559218 -456261
844070 -694504
-904994 486119
-839671 102308
834136 -540643
-680411 -487023
133701 -619657
627361 -43848
11772 -614488
-936996 633323
597203 588342
-105716 -37668
855392 60527
-995067 42986
-710951 -693607
-867941 -205967
-97772 637211
536677 341799
396496 -672057
310524 10762
-661766 194275
-961220 -798439
130760 550146
610531 485345
-564142 495143
826843 259097
-120419 415850
-415127 -571776
-266215 927175
672043 -657860
688405 515374
432356 -24333
240223 -401743
241029 126266
652550 -788880
-195113 -167480
305179 341136
-782091 780064
-271210 -843030
-593375 -733075
772317 482058
-291335 -677105
997689 -12238
625272 824159
448269 -481637
957237 51118
376788 639494
166412 -349970
-269437 -676836
-946772 936741
-159783 -793052
-373560 -46693
-817407 459909
-328137 946556
784559 -829404
54188 -762444
196944 301974
-368527 549607
416931 -509486
-577860 705923
-271449 85075
-952643 -25642
-487547 -829312
357118 -989667
-302031 -651451
531838 611292
239482 -385214
451078 863577
193472 -137960
-120171 -243152
-708855 691750
551126 -959404
-410963 914909
254252 -58733
956848 490494
-543779 37074
-125043 389913
574628 318287
809495 -282260
-350115 392635
-525516 356458
-452955 340461
724458 408406
-507768 641429
-424851 -941260
77883 -91464
-453525 735854
728814 -605258
458489 -262799
-177506 992392
-244716 428233
-994835 491370
-322974 480416
366832 -526990
640299 -985285
-492895 -413276
-1186 243996
-178490 307313
490062 971202
913066 493576
-912288 -183991
447237 -11043
377473 -685405
581459 791518
783523 387859
206531 -867915
-300361 -532879
874360 769009
-892209 523711
709068 922480
-500740 965878
-155559 -814944
-226022 -168796
28330 731783
-438052 -597627
90364 -48302
897005 808223
-511780 -907121
999709 -11599
746807 919203
158496 -725554
825397 -500685
-118731 33317
-71806 364292
-685896 -79374
-470184 -786529
833408 560808
895027 -520665
-123038 -388344
-133763 -755309
800412 386209
965369 -681049
-270364 -555593
463522 777446
871282 306297
-664992 -163070
497229 -51279
-366832 470479
268905 552473
354880 -837541
452100 880851
545580 -824532
-912030 736771
-922752 -533628
523718 224655
611327 -441734
924566 -126767
713575 717533
-449873 455368
97263 76882
460766 430626
-644415 -164227
-317184 -790550
936286 -902099
-146545 771139
-871875 -243535
780857 669981
693103 167787
117889 -412740
520109 280446
-250813 -610900
-218616 -121742
856082 636389
-997821 -900351
325499 -494274
122564 275099
-461665 -816071
-78899 -970769
211154 -318626
-241299 334055
984617 -166729
920310 -453971
-146364 -259359
-130113 642010
764551 525945
885608 -227384
177018 87431
871426 -830459
-745853 -728623
886991 -374188
-782622 423749
4453 953682
762377 303953
757056 -442193
36760 701675
-602691 -734127
27147 -823147
723210 -779511
-689337 -928824
444963 838849
-428478 541032
-152321 -843351
-755466 -648395
706876 -485871
-882932 -89666
-739376 373137
988431 -818326
-218571 -887862
-944413 -225304
287551 71057
193676 214133
603568 288546
194921 986478
-782130 351664
-684790 490153
256145 426999
-346441 982209
-970169 -448746
943497 227793
-905150 356015
489785 102786
-457125 -631718
-302510 -36628
-130318 802232
825899 648725
874818 -898196
712258 978405
-220353 -414910
-906403 373391
535607 774337
-732210 -957334
128474 671112
936336 613140
-584968 732770
-979916 -352706
-132550 59793
924726 25416
-238700 -181312
771456 901206
-250703 83077
-119294 -33251
180589 679626
345991 106463
-208236 761873
180604 602219
907149 132116
667963 987075
-188438 626825
-515769 967561
374663 -904951
-576187 -360524
729556 -263845
-849173 -989830
-596070 -337739
12040 19902
924240 -43775
-239301 -167715
957769 212169
-648762 -18463
687904 176701
-873821 615082
254304 -344407
984780 331592
-312497 -180497
238370 957227
-651373 945627
-552351 87654
-87426 80805
-163828 -83234
-833447 460781
-58097 -113382
739371 884580
594378 -23621
-148034 -681022
-290101 42809
-216149 952676
621948 889108
-16018 104667
394428 -676392
-864793 496073
988939 438758
900526 839777
916172 -524531
232317 299060
-696842 -915615
-998641 256974
306542 796603
-570791 678692
-884551 138350
-412790 783323
658632 74857
-375943 910300
-401516 80157
588888 -250131
-439503 272850
378944 -222801
239384 -83929
106587 -899971
401687 -530628
-313143 567251
788384 -801264
-840567 421247
-551146 -379152
563255 -175426
634467 243296
-45913 -946189
-15444 -789356
-538411 -33657
821569 -185243
64975 -832732
-675769 -752174
-960155 98737
959124 -765644
-5715 -301043
545437 230317
156053 -708205
-305849 -716140
330130 -764958
-985983 774641
-614120 942661
850084 -300913
-263256 -985705
185455 651289
-500445 -896051
-381215 -518932
915948 -614225
-697351 987701
530040 -636527
449121 217033
928866 849384
-411429 398600
909849 247744
-225706 -843147
-462768 531065
-620678 -254877
-318675 -910136
-77796 925382
387700 -745677
-263466 -762648
-962197 491972
-519063 -698521
164345 -518709
667911 697988
565463 730029
-911464 175727
241638 -747514
349860 850695
-719602 -290860
658093 -829500
-545225 -38760
-381857 989193
922500 883367
737952 211152
-322271 624781
511627 217413
199800 -579890
-447238 -669116
509654 855896
-167700 -107588
-823264 -450072
655479 933196
952218 -33125
324347 -144688
-801231 -169312
413106 374341
754553 -241530
494271 -33115
226872 842389
-403290 -571189
147404 935860
-900426 666487
-858205 389073
618242 413043
272707 -239182
867275 624580
911283 -991060
525862 -907480
780118 -656935
-642713 -277635
687985 -282137
78790 -639940
354048 68390
-497536 -741555
211574 621838
-71023 567185
-129108 -729204
205310 204753
-49210 78470
39315 530726
760153 337901
-5686 -364838
582665 -156476
-988944 648046
-458451 -728329
-958684 77393
-49310 -597122
75680 -713176
389601 -881126
-241530 751998
-437458 937245
-841932 897721
-354454 186294
-385496 -424510
273981 -628699
84039 731448
568109 -572090
-916088 -220295
744851 309734
-642896 452059
838920 -440830
321802 -767225
-670818 255240
-479747 669985
929821 19358
-827668 737308
-786108 352598
-808015 -221689
-254754 -244257
133041 284244
83743 292617
852717 697855
237971 63731
405482 364
-400673 338490
-891274 269636
41963 -242005
708434 -708913
566961 853863
-250284 -303622
456822 -930234
-267215 -857687
-176156 -800709
277736 552715
-112620 -629550
-66579 -775008
804254 -647137
-194445 488925
-889881 -368820
359008 -76559
-658781 416789
-498270 -813453
-420139 -133320
-867973 706221
-483349 286919
409238 883647
-593739 -845651
663774 -983326
-447911 582980
-253423 -841391
491405 682696
272585 -771716
947895 382801
-66402 191259
585303 -645185
-196481 -39508
-645197 -333269
894402 792715
-629632 -630893
-71872 -347358
207858 911264
-454700 -904781
746947 332918
-157470 904993
527270 513463
135762 832271
-178706 222841
-148824 22794
196663 582864
340851 585841
-56125 632656
945825 -607227
-735028 -750038
390514 -393004
250118 439189
-184214 -646777
432976 -206141
932691 657361
-990078 517411
-199764 -662403
84760 -230838
319579 487144
204645 -881076
-22097 -755115
-709596 -107702
541186 -149289
-175662 -865299
-673315 -787751
-192333 -213465
-35565 -651563
-263556 -141754
678620 -194018
731581 -428876
541325 797976
-270097 947174
554936 989640
-963687 -983367
673596 979665
474962 689282
-456285 -856124
-922746 -385849
234218 -417637
276138 144257
792586 -342534
11196 -656036
-711879 849437
215950 766634
-605642 368910
328811 493600
423846 456011
-231959 -454616
522442 297358
521509 -515952
-994083 -189430
561879 -745161
-863037 -582483
-246648 552761
-14886 -726641
-51975 68422
32719 -726485
-932438 130013
-180923 -369327
489401 -115644
-880345 994239
-636609 727996
-540287 331758
-471999 -516488
392126 -249041
447901 -986807
695399 -779519
-48931 -961834
108757 996064
-209462 26436
259722 710195
105211 -897428
598773 326671
-825851 702599
216072 -485969
-803745 -62736
294675 -963267
-970248 -224210
-711263 831344
107271 -29168
57357 -862518
751077 -712684
146088 -310164
-900467 -841483
-675924 20765
-78153 -350669
101010 -858947
166518 -373271
-973963 777326
-166127 87913
-17872 -865023
273113 207839
-527671 -402808
-229002 567170
-124304 -593525
44953 -781992
-797266 -901925
-750055 -608440
-834259 -851910
114976 -252466
292390 -982969
77016 -536864
40692 966610
587625 -624113
702253 -583675
-980940 -649808
774802 -11222
-213627 932284
-818808 -312042
-968643 892895
-441738 -108250
-435521 242775
120590 -668311
-175080 -582326
-735599 -72164
311499 977113
979213 -486333
-74718 -757672
-502390 -467033
841499 -291056
188584 13206
-545088 -245332
-817436 29897
525638 -9403
557583 85959
984150 -204702
889181 417244
-357315 -305270
463312 -323384
-852099 -638442
247667 -336740
-278294 -207453
932737 16185
-941175 460107
266142 769004
-197340 551448
587748 -656895
913173 565657
-808098 310888
-641477 383236
-729543 -567514
609153 -520747
943607 -79141
-167578 768668
-682807 -746935
28231 300870
-679754 -696436
-762592 -563774
-147661 756005
256560 -192872
98131 -270935
839370 -79766
444186 -131250
-38278 -132079
-455899 -51843
-686033 496951
-704340 -462201
-202599 -757587
-732871 -361672
600838 561576
770523 660458
523319 -658775
-156955 408610
-403429 -480536
-113067 -329679
318159 -132157
996934 -344273
821975 650558
-817240 802746
-446318 720789
-437277 588407
-515035 570024
725593 860949
101996 -797905
-550842 248609
295366 466044
661276 572950
176233 996997
-566967 318797
379721 -256407
696867 -668544
598660 955634
623903 799319
-59775 -979164
-966256 310835
974022 503867
429637 -901213
809502 -864516
179442 879315
-337228 -361744
555307 896793
-85601 -943226
924399 402576
-933571 -616984
778342 233968
139945 -61409
689672 -87602
274917 -121470
862083 -305938
306757 -592898
-223208 881901
-163571 847057
-340713 -774993
-379358 -836846
194671 476715
-791 785436
484614 -268526
-578324 632605
332486 -982404
629996 -250304
-617431 -211716
814784 -386587
917093 301622
812538 293275
-247092 858746
670742 -236697
509719 834644
785319 930157
-217931 115111
910247 974108
-670736 581860
-961176 -876089
-807612 -303121
-300694 -955990
-14952 453255
-578045 535641
742583 695028
-12352 314367
-123385 -371719
422882 -854494
-37760 -931196
984873 -391414
992483 -446530
245058 -834030
721628 -571045
-771513 -32450
789359 -281084
-161733 -843768
809453 390101
475745 697580
105561 -142332
-632882 490114
-72848 934845
-741190 -683724
-81277 759136
201474 295613
-296713 -675720
690517 -582547
199887 287441
-314034 -131248
-456875 -85706
-471892 207924
342482 66563
277223 -848496
958860 -597611
253422 787034
-511663 -429250
871838 561202
511497 -254556
482770 -448463
-529070 -512176
219186 -29780
-282928 138656
-318511 -649500
985969 930059
-400889 819838
65519 840293
378886 -126335
752519 448775
-871441 -597225
588751 77923
674129 -481572
823920 120379
30484 1233
-318336 -72258
-890322 937261
-501186 -244633
877557 -423885
935924 388974
672952 -275507
242619 -171173
-671803 -388766
-268921 867934
971528 -258319
-130898 690549
-407451 622559
-88936 -829380
-911214 169050
484209 202454
-590241 -628559
826466 -839698
-464879 -384017
-273361 739707
274433 644932
-767016 -667592
-799171 671142
986181 -604694
251208 275776
-692231 968568
821600 -916136
-271136 -224759
884502 895501
-265506 -873773
-947934 -884138
884060 -992949
642067 -735843
429896 -397413
-625286 -940242
-925319 497339
-409964 252044
-997557 -534721
203642 -378497
557303 -18748
520575 -948443
826525 211645
958124 -781179
-959531 -783655
-770224 570761
-330640 771156
-758763 -1923
159871 172518
496233 427833
280681 380235
405935 79210
984467 126464
-528758 -146642
248230 -940189
759521 -588682
-796485 62669
-529339 -489349
644274 -875996
304878 534066
475563 -479972
153371 -619781
-837283 845317
-188722 -391005
630348 -435076
-546207 -533871
-906438 -956007
96475 178759
-207429 -747219
798223 -486029
30851 166498
914842 -173169
-742967 -243647
-625567 721264
129255 558075
194468 846117
490295 590375
182636 -78930
-528039 -186207
946605 -852383
36717 273272
-575083 692623
878951 -874627
172511 356444
-777714 -463326
749623 325595
349220 770171
968966 -994693
822890 724596
787710 -277253
-148664 -566498
643423 -154442
512387 495583
319601 249178
-322471 958146
-72777 -905638
895154 -773995
931159 -599390
-701460 -817599
343602 660806
134189 395824
-721250 -217077
-441622 712784
37862 759945
-847510 -372742
-207045 -397141
-515339 846942
-217823 485609
-802441 604350
830629 953090
362902 951790
-869696 -451885
231560 786436
124511 852699
-187397 -346559
-423670 287907
-816232 -577837
-304381 -382916
-367701 364988
-46420 900370
892351 713180
-914144 161879
-421669 -471338
752778 -305777
-485864 -316306
-808999 55508
-812686 591430
-894657 -522021
-137063 282310
360252 702992
-478309 -313345
-959354 -924392
-478401 399470
-354105 -17278
-245875 562151
177575 482036
399588 690895
-790076 -943402
770284 -613992
271962 -492442
-793341 -489600
357988 -499946
510923 948166
-717169 756207
662422 819794
-249161 -775289
199069 -995385
-604993 -808055
-327202 -708651
577932 995462
255971 -912394
696404 -591506
-582288 -729686
-960452 -179480
966790 -89064
-93537 360943
789497 38915
116287 -125299
316797 907434
-712383 -982455
-532860 -122696
749800 -395531
800320 -304173
-857626 100181
-912597 -450084
-938166 -290912
457201 816782
949439 813616
12529 -472382
94276 242397
-87559 -113892
-374864 -421461
-675008 -122906
397754 -672474
-415421 537711
377851 -38537
911341 -770207
-835595 267947
-708127 -63245
666493 -36256
-950400 152085
724380 2935
-103224 929188
12565 -648534
-973583 -940674
556935 -583052
-765097 25960
-246405 -384460
-212268 353723
-426301 306134
96960 -23508
-155596 -798907
300514 -669880
-764299 244329
319874 346877
-892676 -954293
774273 -866739
-526220 -774674
832187 543350
441497 -262761
-145362 118347
303041 -859372
-174653 83742
737695 500227
-701306 -962558
-4215 -708420
944929 -289418
