1000
508211 883814
533391 592926
-147859 698136
755342 398805
-654992 872359
280901 -462988
362287 16675
-479106 611089
441823 43918
45606 827928
-352730 169342
-35661 354854
62593 -918994
128051 -679448
251310 -871689
292494 -668847
-517359 -821484
-527797 257891
-705201 -551066
866219 308677
-161194 -156091
90807 880315
-834359 885756
-629400 -160107
395384 328497
737224 358916
-814904 486006
361961 294125
623484 638710
-735623 708788
643104 -112113
914642 -849932
-335625 -36916
-411472 956434
9096 -790198
-27517 599494
66145 567384
270548 31696
222605 -718950
316416 194268
-919618 -330899
161641 -50568
551519 -287221
387730 643723
864324 187788
-691068 691460
-834653 -815837
917047 706744
100688 290992
85752 636100
-227126 -576366
183874 -685858
693654 -646453
16229 -293019
-21948 -320832
5978 515364
849981 768229
453400 872139
-206510 -152264
-566648 -935691
725025 -630294
-260246 -816591
-865513 -459920
-665393 896142
-387039 -525609
-528010 -282171
403479 -559045
808275 164854
657540 354045
-868725 -442272
-400932 -490566
-16487 654151
241804 738540
-772732 -14475
110644 592667
402061 -583729
-63375 -868023
880514 78876
927023 417752
487232 -661696
-135309 -14379
389176 704795
833079 -403444
250202 564860
-916733 -611312
-516160 -736006
496 185346
745961 -3340
196008 619279
-929126 356252
549807 -514218
751662 700389
443467 -483059
-536011 -467711
956319 70700
552639 715093
560814 -790619
-95517 544189
297754 264466
-626607 -252372
-515371 -806178
101489 -221217
-925916 953368
456936 -235232
26139 -286247
-457279 -319449
487661 -635690
-936247 291325
536487 70842
779173 537327
-505467 -64315
251575 614579
-797319 -658461
-488256 813106
-935940 -648480
534616 347779
-29678 -816946
-352821 591811
-613976 168540
141894 307858
871463 608011
786170 376918
685719 -206204
-482591 -581218
-801597 -123246
-475503 -387048
-18447 -883411
40730 -523483
-249879 -674874
924716 -294353
-686875 618335
-251610 -63233
-368387 -148187
-259389 62004
594165 -654433
-208303 129714
-505448 443285
491994 -434482
-649459 915725
571363 909459
-933518 258059
696909 156608
564431 353406
-479879 383102
340300 112665
557470 924238
-772153 -180218
175362 584269
-847113 -602008
-601037 -905081
-759059 490274
614615 -186316
-651534 102349
484747 261652
56043 -447860
949068 -937337
-573602 -962482
-300793 -746544
-296002 702296
927416 869203
960132 -35398
-935971 -309839
-196803 -779008
197693 869424
-556210 -854725
-526987 340064
400798 -7826
-942117 -274286
-958821 661223
643779 -322449
-530651 -419166
568281 465226
743562 177556
809175 -882520
704832 882118
792747 -823179
898039 -675277
-713889 -616701
-352236 765473
-191312 683822
338664 -56657
878750 -449864
983006 515162
936898 535131
484034 525145
159620 -457455
221955 -948974
921052 -61600
-158314 1522
-437850 -646972
929875 -678994
319377 -428351
385351 975196
-610286 -398590
-847531 -418763
303950 728125
-397261 -852319
-35378 -299687
-685149 82390
783871 -369936
310613 653012
-49623 -53732
-762691 -952736
347011 762670
-677099 188171
-881074 -977688
-897829 -649427
90125 486570
935835 15464
166358 446508
220038 -310376
193883 -604504
-856754 -487278
-776006 -7153
-190868 -142061
-958813 -622813
525958 73917
-105946 50527
-751539 -106900
603342 209691
425999 180585
-749851 61940
332877 952753
-261300 -44036
33292 598984
-913473 291431
-226508 -367576
-135374 100433
-346589 339134
119683 656120
-920754 69425
-764105 -600982
-682211 892482
-956986 -829013
-687375 -130320
643573 -653762
808545 549608
2726 -418673
467782 -36716
-63135 -729258
896138 756674
-178022 -347735
-603213 431322
-842885 -768302
459457 -282969
589543 758939
-812968 615287
387804 676678
143950 163149
-367106 830069
569710 446926
769036 226080
-620941 -867600
-860882 -739149
-271888 111863
647653 -442515
-851120 890949
-447654 -65494
-108073 -93186
589725 928646
19275 -933879
-696711 -986039
-84999 56555
158411 384396
179678 -69552
181380 -501959
-495329 401624
-237359 657900
-641760 -112181
-416908 519467
393003 18986
-246739 -435466
-744009 -718643
-894757 -967606
-737094 560459
476961 648196
-170386 454037
769460 297827
-455691 783214
-883910 226034
-688960 -574551
-767478 -916601
201183 -548119
546540 108472
809333 834339
-73329 -481849
-19133 -169828
901797 -236539
-249755 -468790
-172217 625987
-557480 741228
254263 -540558
-361269 -852425
-152754 -182858
65783 712594
-234911 288015
315717 -853999
693985 348250
-322774 815955
-336220 -981833
-118099 -596748
-612910 130597
-311446 643319
272514 981221
-294896 510665
84663 -373329
-845262 -136285
-804634 626881
159279 604029
-601536 962818
-584293 437149
-528953 -817087
-888010 -390844
-115065 861819
-506261 991271
-189796 148269
439822 980746
-75119 -788414
625304 654049
332481 -718483
732532 -62948
880395 854630
-337829 -553308
288202 -353224
600061 -324497
-418601 -17030
-381381 -832486
-25575 629843
274896 -614481
474372 639814
-718416 536273
846473 177360
-258956 -270202
-169856 694301
918947 -657150
-388686 464978
556331 -628400
-679123 17674
569546 944156
-566725 -103880
237448 -568809
900947 695078
757509 5340
290064 -824853
-612281 -162185
239177 298799
-696354 -842715
-13665 -753931
893410 119351
112838 472700
73171 -85532
679669 574911
-810137 -321380
-571793 144684
636878 219502
-946280 146171
869169 -182
-859179 53417
-114103 821961
-746811 -326040
-584646 -975612
-770376 -452854
893270 691618
-768638 -926341
-510982 -796392
-792465 607836
364012 -839680
-920053 -607449
-71457 683777
-819000 -164528
89877 145649
630222 78265
-231752 420857
736337 349773
-201261 -112774
-91853 674341
-64125 669933
-74876 -980786
97919 -722314
-43769 877524
626666 511185
704932 -901590
-276902 552750
-466967 453165
-343044 -100395
452069 -740250
-920923 -388882
-891855 977987
729859 972218
-384810 313716
-260104 -104765
-837136 833583
-813199 845502
978080 -670416
580769 -120744
-188449 776324
902369 -922532
640247 -397696
966944 436654
213378 50951
-826074 84555
-539881 -556710
284701 892921
-758637 -865064
-685709 -468789
149582 -718118
-187271 -405211
538131 762819
-754737 251541
-259465 738084
-903037 -914566
95603 701432
-128918 -91952
910082 -175527
-524171 -596912
-160196 -368529
-147669 -929467
408620 -464988
-648824 -497595
613936 -450498
310888 417443
-972286 466661
420334 -56737
654434 96980
908466 971654
-471258 921575
-896762 757541
-451558 -264917
150418 711721
116532 593420
884858 -493423
-762302 329677
-751389 94637
-557095 170423
-676477 -15552
96292 537722
95180 -310760
183301 -799371
-791927 168424
175814 247601
833190 -545490
592297 619199
125220 -707385
389083 -800300
520550 592615
975005 13262
-638075 -419127
-827773 -435229
219534 827669
87524 -755025
136878 -400340
904603 -603439
46739 266352
249414 358119
933792 317159
539981 -666106
394062 374410
-897694 472943
115565 -156082
-597266 808183
-490962 -736263
666845 587753
302273 173273
168307 126888
799385 285091
395923 -819929
-416555 619601
-981333 -317408
-449168 63802
-424764 -786219
915252 -121008
15576 -493300
227556 181211
251169 -51079
-575082 555533
809132 519761
-705583 382480
668616 740591
1011 631684
-977999 -661722
-72722 618533
123325 -710047
953357 714409
-121748 -526087
-451507 53929
-289222 -412806
-636478 -182715
-34441 -664763
-26514 233369
891666 256680
908978 112803
-360961 -849084
999680 157080
-623428 -608322
672593 -28811
-368331 -436278
-283329 -749246
-922729 -903892
898971 -320233
787339 277681
512174 378304
-163268 317849
339480 -705913
-269943 702647
-338434 -449061
-580776 -755419
42781 954392
-716459 574554
-283725 223471
-427810 -586851
813813 -238835
-428130 585827
400737 -796128
669730 -417087
587609 -811039
198981 -844936
108015 919886
-22572 -834060
305559 255379
-759044 -949322
165447 866494
969624 -187263
-631010 988036
-374989 -451870
441616 -708832
333106 -125705
-83685 -716433
-656779 -409195
-478585 -942590
-605176 586299
-172952 -100516
-127875 -995194
762867 -767841
644162 -652995
471172 815714
-358111 -33085
-922304 770419
-378975 -233241
325647 -194772
-912895 808840
-763061 925154
168661 855676
-545898 194927
-589888 -464968
106746 -256442
-814507 -710804
-175272 866417
360811 731191
-15849 112937
-565982 937397
-331864 428695
-947760 371704
351586 -208519
63805 -157790
509341 655138
-281202 315206
-887450 201068
36984 307983
170875 472927
-253114 -372967
-385313 -60899
-213889 -733086
185369 925246
699636 -393057
863436 628953
-766916 372011
226408 -978703
-10358 112651
-733298 322288
27801 980985
221042 -300330
154823 -39718
537682 -867814
-534065 -572529
852644 -72277
100255 -213764
-96107 -412038
-448044 -530224
-842781 -718146
-906182 -9012
402142 -195250
15169 64149
348961 233675
387987 -237722
159108 -894676
-388550 -484783
569459 -101972
-123379 980449
316755 -296733
213993 575284
-659972 19547
738109 232839
88634 79013
728068 652395
-181378 -429076
-785794 -893490
651627 -38298
520962 109131
302723 -304685
949065 844810
475357 700556
755162 -256749
18394 591131
546304 998432
-241871 -119525
233707 680840
710694 -852071
-600176 -312853
-695307 999374
-839966 285499
-128103 550240
73632 -793907
495669 -603107
-864232 568742
455834 -661724
-76915 809380
-863092 -165107
706001 233357
-960708 453212
-652584 -615299
-738028 769152
376702 -235506
225459 -703265
-864087 -788088
-172020 -762503
-149754 -401510
13298 -959412
-187093 887198
977376 9538
-253165 -210947
314238 240648
-680406 -632643
-19610 -871653
-793244 549559
239322 751658
954877 -628838
-882855 932260
942943 229202
608774 456428
889469 399195
7210 -916524
667686 620006
-628438 -489519
-300136 139640
724643 -396913
162101 856881
-6253 -760672
-550377 -487737
-488453 251979
469328 -411590
365403 -646778
749646 208848
-258288 -36111
-583945 -698034
954103 154886
499287 -270030
-254919 -616095
-833706 127053
171884 -163335
-534886 -871697
944545 -670294
-752444 374435
813014 -7531
-904246 910073
107942 -411682
373459 -534106
253507 -295587
-438883 57841
-947017 173361
546005 25183
-729853 698129
-622952 112876
10957 -164657
-507718 432583
-26800 505431
-716193 153781
-795135 -586631
577896 74796
488999 -916593
519413 467739
947617 -403810
157203 -988055
-294692 412585
-418692 270049
362999 -563023
77500 -213774
-822325 -876165
-371046 329984
851758 -8908
-19934 96219
-952514 887537
-858326 332995
435885 -11183
-260865 124276
934999 -635256
-526967 -857011
440503 858685
-735970 -607403
-864244 -170424
79058 100048
919369 -440550
669874 -257643
886085 -634194
-534347 453087
-728116 45557
-126322 48745
2169 374763
-517825 -140083
-906244 302799
-446880 -530116
642589 124119
136344 146582
-658813 -877406
531431 934464
866039 748911
900886 -34366
-824310 739122
-761740 700743
272252 -282441
903369 731223
905385 -206731
-151072 -447390
-739609 174249
387009 813583
408031 -659229
251087 -684004
-631263 -158455
-958976 192387
230232 366346
278806 -466486
-490881 414797
-222258 -326600
705976 -627382
866430 -284755
680339 320147
-976939 -250420
401401 -370536
-170417 -314949
-634491 -978246
318396 -29554
41666 199896
-639041 222121
-624242 -611070
-278162 919338
125236 -581029
177329 675368
-883641 -528894
746507 511615
516359 604307
-771336 739937
27366 -457775
410459 -187079
262840 -695649
668327 935587
788574 -228050
-631790 859438
367467 -90216
-724022 583995
171404 -915637
996810 622713
-183200 929928
-753680 39741
-807891 32332
377085 -547428
-495721 -176531
-651762 -969830
183337 874622
615352 -857136
34398 36127
-129836 245543
855635 885752
-346927 -143512
743073 982998
676936 427482
-121762 740018
171471 -609806
607055 -339837
85260 -843775
-717340 -668323
-884286 26737
734670 -45600
-61501 -286975
501116 51342
17156 155992
-307060 -636670
-7790 -390566
-375775 927245
310609 303290
411879 -285826
306957 18632
177010 -957609
-880982 375391
731852 440304
-778560 884554
350452 -578135
-632105 774049
-499854 -642167
-13189 175087
-860705 -207169
-835466 178692
72509 937661
-269361 -231483
-316633 737255
-899139 -482870
-155238 -82173
57748 868378
-490385 960644
-664332 -411273
629361 867563
661222 323397
-829973 -31734
117063 746201
-761038 37892
752134 -139075
879173 521563
-545188 986292
482606 -936624
-454696 -946020
18378 403763
640715 711373
-200568 463107
-495883 51657
-195638 -447027
-321191 725812
772406 -521680
701703 -931163
412362 175841
-715384 156820
181827 -669485
-585705 -916593
-62985 -167090
-227950 154733
-474670 -271738
-942476 687331
798290 -448701
-844503 604166
-476543 -862219
-588109 -272192
339500 -480069
-303262 178463
771708 -119018
-662092 295179
-152779 969507
67065 324192
-461593 -394637
645375 -981238
-837346 -985831
389572 -752083
187325 977882
981893 -682241
40859 50367
-495214 129522
-404843 874473
-836133 705764
858194 -237279
-133745 846067
-586541 -71308
-717446 -516510
-803905 -444863
716939 -460998
-612333 -62397
265863 741849
-895156 -762184
-588206 416412
511750 72443
-415525 161075
-491245 -727672
767914 812722
-480124 534227
-86310 -952705
576731 -462310
798200 391672
-931658 -631107
-582829 -509089
265901 -343257
-724615 193315
-178494 -995318
-763678 -299705
-395037 -340182
-143862 -371475
20752 548687
919268 385153
-851146 -202753
894097 -53445
-982215 -89115
929140 172545
392845 491949
-728326 355025
499243 -891128
-375792 -536528
-635248 -12910
-863359 726181
10810 -193679
618575 -589942
350045 18495
115487 50891
394728 -663111
668590 314967
-800972 700465
-624506 345617
968813 -326927
-808798 -617038
705939 -734931
-283344 67649
5628 641889
2492 -324478
448646 975993
-74516 500608
-640806 47488
-772875 -395091
-497584 198340
-925145 -303076
215854 -775597
-570179 892784
-327895 857045
868997 -174636
-476226 644125
-861420 -662560
98828 366412
582640 -974919
502656 -99425
-761512 79997
256225 -502102
705432 -324876
-871547 390764
-39529 -580824
801485 618686
84143 789478
-549866 239375
-286806 -851021
-823035 321273
-220531 747733
649103 -636113
654077 -28942
734547 -218165
94460 -407665
805763 -787914
-441521 -956301
-229720 -899934
517557 940093
-682613 361388
-433331 343714
-498975 -217313
-446948 897173
-407767 495109
-673159 377832
470744 716480
-138024 331450
465936 -133876
479030 848811
-846324 -90324
-816920 44698
-592144 569231
274651 196551
906017 13546
-125862 -252291
-530750 595855
-570915 506651
-905390 -558984
263371 544735
691165 -195240
-570740 -937788
353411 473659
-356956 -794701
275902 -147994
36764 -145451
631045 405811
-393028 -88349
379206 135537
804253 190408
859540 399517
-976455 -709757
-882922 -431331
-160886 535706
27625 -488589
-314255 145757
969059 -221152
-761170 100773
669170 -361234
-542236 -711618
-442837 435522
708689 524501
-607236 392444
-625011 336248
-833677 805086
-263621 676810
652371 -827982
-328015 789213
-809615 20534
-144691 -271224
-74221 -69556
680104 -823515
673882 450985
829082 509069
-928597 172261
46441 -487581
938483 432637
587389 -941356
-406546 -604601
353316 825786
