1000
-184812 -542800
-277550 423572
-411315 -794478
508747 385577
-574730 -408092
-204109 -355209
941214 754977
743871 -320661
-426201 -513567
-353078 47812
853791 -738292
-181974 978635
795704 -694854
723330 633751
-729777 542928
-275815 -277949
-840987 81423
72566 481628
960313 -369780
-574282 -477332
-639863 -106225
-93918 35581
-437111 -219606
583853 -184870
-999803 -579576
800496 567276
-707143 586416
981507 -251137
-105465 -497006
-386900 -117390
835115 -539481
468972 205311
-839273 991678
-654885 -649859
614053 630394
-279917 -199148
-751396 -630125
74400 275190
-950611 131754
-31129 -256522
281694 899826
584752 626620
658982 484734
-883760 -329023
533499 -884991
37519 18121
417893 -676148
429682 -488742
816363 847582
-700777 -806103
536320 -443673
272450 -985440
261711 -408065
351636 817052
-47616 -89688
866330 -626298
-904855 406486
631877 -291931
-193646 -678463
-230122 -1494
-916490 874854
757758 -370910
25103 598055
178796 112547
950708 938521
92203 -209815
613529 78969
223607 -79462
-993558 275700
-718694 -359306
-962088 83792
301452 963736
-453221 -455601
-586086 208847
-291439 132379
-696610 -425449
773224 -564137
592801 353193
448421 264519
21244 -117542
570911 916427
324998 485441
80099 -988002
935984 -176436
-201351 -108487
-756225 876100
-165009 -587650
840832 -389024
-959704 306861
-223562 -212469
995231 470120
-76487 -43128
122758 194752
98495 855658
80755 -905684
569850 -419770
243867 -942436
-688392 -696447
942329 195876
-7613 629492
-932084 -202124
979247 -524674
-99637 -865594
477930 -557682
218353 165203
953095 -156179
112061 -697267
558971 -580960
-309825 964541
-95414 51385
178815 -397278
54067 391089
216844 285390
-472222 375932
-664580 157827
360167 -124150
-324758 512559
-916646 -796083
782365 312159
478058 842196
-314766 821461
4137 -197479
214939 -770171
215185 -986852
890989 -856516
-228100 859551
-55418 -394811
808962 -550790
162099 -573871
200681 -988848
-530844 134442
-237937 997202
-777572 622505
316626 -334594
720915 321594
-458794 688099
206489 -325727
616630 -445408
170992 328397
-531821 -450661
-943046 -408910
-419914 431051
-874583 -957184
-867458 178473
-615964 -70022
-706588 883195
-263436 839195
-340480 -725639
810985 212841
23333 579743
949720 -559290
-541987 77502
-262452 862301
791036 -477447
660085 -583705
723215 39296
350887 -130649
219571 -467866
868356 -855856
-798265 -388931
-131615 -987270
372417 100313
271761 733163
-681902 -52873
398273 -683594
-493920 139080
-201181 642091
171964 -486574
-465424 242993
-118770 381708
152340 -389630
-403392 605471
820832 -558310
404423 282804
577837 84397
272656 -715566
977147 -764583
802833 -758262
-99210 -693635
974615 -179046
783550 261584
283058 818827
83712 503218
386844 -954537
-478876 115316
672110 -983853
-13289 275026
-250005 -651972
699748 -704136
253693 -364979
-350608 -388906
474739 -433116
609593 596428
-811463 968368
-24404 994074
482699 16252
153250 103668
576119 -813987
-577705 358473
-726856 899660
402901 -672541
299779 -335753
831740 -11021
604881 -756424
-145280 -259358
678187 160044
-233958 136936
-90174 -649006
874305 -27469
90868 515621
-998318 -673767
-440513 -4574
745536 105056
-653218 -722490
-910873 -89802
-269663 984384
875416 99104
319712 -475906
227145 -715861
793698 900682
-757521 -918105
-442376 811575
-746009 -170988
-75722 723862
664697 -45333
622862 474869
286972 153090
-114067 -532953
-630618 -304330
-445805 -180517
-324421 -652184
-469615 -220596
135098 -75191
-580153 486892
-543086 -286477
57766 933016
323210 595456
652321 -367338
-770822 837761
912228 826799
-128348 -753754
-423926 -68722
609293 892014
199749 -259192
442187 330674
-363242 -34674
-569511 751684
439343 -118450
667426 775868
440273 6431
694954 839725
-646532 -305445
938022 -523831
941868 -835841
574938 -983615
-22699 160435
-797087 165778
624409 571627
704691 920415
419714 -527140
853703 -459193
183153 -302033
420286 751501
23215 -945175
577872 -913945
-545628 -69951
-203481 289604
-668255 -922070
-430108 -116485
-969169 794083
157606 -889831
947876 -811322
-60295 655542
50557 366111
948148 -677924
172885 367405
233651 -857561
219661 595681
440996 -33242
-606083 -336771
537408 742069
-903029 -571778
504053 56653
753986 -33742
-453010 -893466
-327959 -536787
-361814 -419508
986901 915300
64305 99829
-255113 132202
-461492 533742
966523 -441082
-622332 205752
-629916 546162
683171 306180
610781 510786
976827 490806
958836 337945
605728 466362
-778177 413010
-833218 984054
246533 650308
779514 847697
492377 -989107
-914723 265678
35927 885066
-10653 -359834
735849 904024
-996053 979994
-324922 -633673
-531501 135058
226391 789120
547153 -757164
472980 274385
-241451 -126072
-621029 -389818
-394791 -369235
800371 342199
-838502 -145166
171486 -81665
-799019 -348769
760669 -495744
-443050 643944
-427914 -722421
-687913 -340090
244484 -245030
582978 -527781
-178496 -77113
-80158 295594
-358755 655188
132869 937353
716507 -859705
495858 -12974
173038 -246677
-723353 850176
887591 823182
-132649 18955
-376150 4360
558258 -665187
-283987 -14497
54910 -206748
-212315 751372
436512 -355957
-828366 -939315
335480 -509507
856407 482700
-847177 455627
-204451 78452
-474102 -701394
764478 687260
-838277 -221230
436916 720596
-757392 416103
-474082 -40776
-486453 98823
352415 -72164
-319700 755536
849489 436627
-267074 -895122
-625761 14042
398772 -661871
636544 779080
-921526 577221
894585 -699538
-423933 449773
938130 -513306
-907720 -175986
436479 -49166
604459 -508651
886966 589809
-716246 -737603
848256 254062
-397705 555931
-82768 283976
-297101 -998587
-847386 215589
808117 -237028
-112454 387452
-19537 -322918
-282182 -941153
502890 -898385
200843 -312406
-557183 -105866
-361053 626914
-615859 -136480
960817 481621
-906171 -772457
-244540 -273070
-731706 321878
-83913 -487369
632886 547549
-543359 -137256
-107192 -710604
-577744 464422
-637394 -290673
-965064 845088
851222 -37518
-829517 336609
-835545 -599809
-346142 -876399
822103 821221
-980017 392981
-652532 -493836
599016 -544370
369895 928161
864821 564379
-997437 -527642
598906 817327
825809 744823
852259 87810
891736 -679988
702674 -821975
710321 454706
-715863 231793
337962 112505
703225 228045
-77318 -641384
-450379 960440
-223232 324348
608489 -163170
260955 45442
-279872 400888
292081 -374196
-497684 335461
93150 -590503
347871 374555
-155657 979146
626819 907782
-601719 665868
871997 -86715
-74978 -668102
-891118 -151847
702215 839889
-399839 -449954
290239 -905787
-638777 889043
297460 -143880
588932 -243840
697984 998304
-252477 916336
-358632 722944
430959 -155137
-685858 629343
-586137 -771811
808477 883692
855932 162322
-498090 472711
2343 656861
-419287 -993726
762707 753504
-175988 -887853
466602 -86210
-246388 -587769
-386953 681
-408624 48502
49601 -921071
267261 741980
232621 609835
-474237 758494
-394386 201034
-143204 -604198
-128680 -275986
492409 -295787
-186520 619318
520416 921787
-379957 -832222
-81450 907483
-241151 -855749
-428522 775376
-177113 706290
-927599 -884898
-115882 -640470
-16973 -646825
-681393 -860637
-82048 843031
-48484 962124
75177 -154690
23753 474483
16258 -950585
907002 -274311
-275592 -278380
901527 -776604
426315 -803452
-659052 -73923
-782089 -380603
-200819 962192
4660 602222
-585427 41429
-72315 104814
499256 339721
-858441 -429290
464084 -74843
431322 -787764
-291320 -901107
130422 -223362
117863 496209
364549 40505
-339779 -612646
-115166 -104186
931449 24136
446586 778615
-216902 877217
-913780 -897175
230383 117352
912425 -580497
493854 -717783
497550 -707817
419668 209822
-458293 -315038
486810 -112408
574386 -398885
349342 -777348
-487430 -482381
524636 293096
294722 -795107
-946602 263425
167741 652803
785910 501074
51302 -664930
924765 75330
-589926 145774
-801831 -208069
316729 294591
-322055 953556
-672626 952306
-619039 137775
-874744 576574
-834315 -7305
-681308 153471
390607 769464
-417034 476982
153150 -54697
-934042 -256089
412998 26260
-937932 444118
-677519 -986123
836363 961629
481550 745639
-595722 625930
-944620 -479660
354583 -514247
225809 46005
238391 698250
-995079 20175
-59120 -457447
-749591 838054
866385 990158
-680930 928506
551657 -6272
-238263 860613
405906 95516
-176063 -929334
431593 -456567
-258742 231517
192932 860857
-891601 42121
444048 327584
441185 -173698
726173 -553234
-896766 -520947
-436578 -13966
706962 572712
-938910 149871
-85288 467255
787932 -304629
867017 746039
699101 912712
281514 -248975
184245 736622
-139235 833001
680641 741393
-907353 871619
-405218 -217812
775125 -887231
212617 -527254
279089 -799163
643114 -681081
-668008 535505
-78093 254386
198851 -188003
81607 867875
-739940 374951
-452586 28937
-296754 782794
467211 -722911
279399 962585
-725788 251417
793581 658432
-613402 -725189
-75969 -229333
612077 848550
372264 627769
-610902 -913072
-780516 -137147
-84375 -769187
-24663 -152698
63996 -61219
643114 -628699
-740265 906655
759928 53905
-395479 -50654
644425 871664
730321 -525700
-620275 858012
751847 395227
-36917 47801
-68963 -136150
802983 447769
292168 910331
337383 -890902
98685 257152
-472003 85515
-434629 -776303
272929 16426
592368 292467
-335702 -670240
-199065 700576
-43436 -840564
-757164 -783849
-515049 -991084
716593 -123586
368549 -195003
-652789 -163705
395025 -485634
-439293 562168
79020 553547
-228100 -321086
326977 304071
299309 818852
-614372 -508491
207805 260419
672509 57120
-970098 647083
-111899 616194
-520602 -998773
147397 -241642
-321831 -476999
-293462 208625
-114114 273136
-380906 215270
76596 531589
345150 -456963
705504 820058
-68254 -937131
975516 -29892
-585353 322854
-903247 -663993
930101 -975442
-805959 839923
115249 -810075
-237915 578339
-145174 925701
-288036 -370796
-400614 977936
780423 798180
689022 808288
341851 895161
873489 -760508
-528877 196682
508103 932366
-374822 63152
-918203 1067
-288241 -266281
700820 767911
902795 -171639
-254990 384416
-617216 249153
202119 951540
-107858 -559272
377909 926627
31021 64310
257769 -978908
618070 -102918
324553 493496
-241525 832753
-433068 192618
-777694 703669
-18140 -441280
-584381 -277401
247384 949434
-125066 -410908
-731951 724962
310282 -178450
471233 -307299
-368549 761199
962491 12896
-909108 472116
-14031 -26950
-519672 708194
-745918 620086
-551720 970002
811035 247971
-137972 -572567
-182210 -21530
447190 903983
-462745 97060
-982804 -865793
-155803 624763
-81377 471773
954986 673786
-916616 -297494
-214691 -222289
-594932 220507
-576370 -980480
550329 -694188
896873 437689
69546 -763616
-465791 -567272
-697856 682142
971213 731658
409828 -873767
-794778 271459
411928 294309
-93158 32703
-677323 123253
599621 485807
-932133 -285189
237527 638248
-528103 -982596
887313 -367584
900125 902579
-301932 -918201
-290758 797206
-539811 927511
164151 335079
-98680 -181590
855534 -625928
549805 926666
-578192 886555
-813893 312797
-336198 179487
-757767 24002
-446003 -232787
815564 278570
471761 -228132
408398 -34013
217280 658954
-682248 133694
405022 540896
815994 -250078
-824714 -74649
757676 -719633
676910 705032
661497 -433161
495633 33906
-220269 839890
626806 647558
-434378 629382
-255427 -866645
393711 -635292
-327808 951968
413821 -177058
-928167 -228252
194416 860353
-363517 628547
330630 652564
432248 422715
307533 685640
82715 -345690
83677 -723799
-227665 549009
-231711 -650827
183843 -404706
260513 -735636
-245511 216742
229783 765717
541927 -87719
-567322 -721034
-651620 170904
-118946 530599
998284 -369338
-785779 -566965
-908535 154407
-657710 133592
-595536 270535
391882 570245
-437578 -147857
-761970 -364875
306732 760954
-791708 -808516
531185 -322205
254698 845180
217889 567933
-287954 -58897
118331 -276960
-382523 813184
573573 -117668
-109391 -696980
464447 347012
-877174 264363
-251709 -80589
-389970 330209
-239121 -17731
-912100 165344
-31710 -30714
-749743 373504
689215 -982768
744365 869213
900493 49729
-593759 -149268
-446985 -619675
-152851 579872
-999481 -306287
801457 -566306
-60384 -651644
289428 690060
-637442 29287
-467777 481009
490137 776128
645420 561413
-670531 -139610
514610 -475928
987050 761227
-838940 -764743
143855 -529497
-837633 -208370
541131 524958
275934 -316949
-203431 -110850
-876170 686809
262725 -444937
-468386 -729623
-363251 -122574
887345 -25158
384667 257768
-845230 -494283
50036 -165683
-832927 -282183
499645 823067
-615494 -971005
-30541 85017
-671611 -180063
246514 -786336
91296 -856220
479360 -729802
-785129 932253
394075 654715
-856084 -413433
-374743 743351
-592655 55591
887928 -760257
-156352 911584
-683222 -704642
663786 599403
8519 377231
-403861 -219315
-795507 -32685
-359607 -312221
834878 -415781
969941 -508829
591170 21306
857890 -62294
62576 751583
195532 308422
-293870 489029
-283265 -147454
-676412 891487
460556 522290
632258 -744053
226992 47891
357584 -282301
-665947 -944148
-821051 84403
430877 -506946
-716384 -464101
-809733 -341610
-384123 275015
-584742 -17560
524762 569625
446942 706720
852877 101957
-125205 825186
-761223 -933819
-674571 -388802
-545553 625952
-348117 -733376
-891275 -407721
-130186 758310
601268 918758
421589 -427607
358653 864094
237278 -143105
-133534 387074
-354966 744244
970553 482990
190401 678114
457818 598487
-803360 156071
34157 473235
745044 -506620
253481 404700
-247696 -308117
-706076 -209763
282810 -96727
325605 -548665
-718932 791775
716737 705482
-698089 -803414
-535522 723266
95727 160293
-141894 683449
76071 -98440
704896 -578004
478079 876338
-495245 -925320
766017 -228624
-109782 -54807
-942135 219443
-649013 534758
-662470 -763099
700417 801451
-694088 988893
771573 -959354
-833883 -588496
-88531 -52298
928726 822606
-314556 140864
-214756 566583
60929 911305
940791 -413373
896272 715746
-931419 701387
-166599 895022
847559 85738
493789 170330
-474070 468666
546422 179333
-153480 408770
-231884 90370
-911074 859887
848682 -730043
82924 88551
918001 23510
-437839 -747210
684098 -871055
135339 -681178
624249 -705547
512792 -625849
184494 -294060
-825160 -894244
-803814 -70388
720123 -315807
470669 -361904
147138 -509095
674071 -752933
-192604 -744536
-786205 360242
707203 662796
200921 273836
950212 313117
511159 -573409
-128371 -388658
-3283 -898563
-850498 643233
665987 846722
517141 975843
617946 -339625
593378 781361
314067 927716
354743 -204998
-846866 -26829
-393376 171494
-290611 -930440
-81309 -567784
-271757 -975490
-562491 696683
-576744 -446678
834348 -128069
226963 -972614
-291408 -402289
-880119 -498587
-913159 295240
-382972 753825
710258 -879088
-589498 344070
-636330 -117529
-371799 -235613
-436237 734702
10717 -841229
-207678 254083
-416098 -608933
349094 525303
493366 51545
933344 -665123
395790 -917974
-86956 -469466
633350 794930
33369 -693981
18415 768590
-556935 -904959
580523 -651852
971629 -331777
-875333 722990
568154 770953
-424479 296434
-866873 233309
-765665 -385488
-999138 -510999
-205341 170565
184425 -815901
