1000
189258 -246180
473406 402218
909768 -75205
198825 38831
969848 239807
-816819 702739
-169013 -688138
-461251 517493
-79389 -390825
-973513 -44143
692212 635906
229881 -636055
661911 -621646
-672941 -849599
378821 -108762
-644 -510858
458779 975638
-736237 493313
-161595 -17772
-711304 114705
-946758 505645
-47676 421080
938365 886259
-652324 901156
958125 -507683
-156814 948597
454912 -220144
618484 -918039
808297 559721
409044 123101
39528 -598700
8027 299677
-444960 821378
-834526 -271908
-714159 -479586
157381 -759126
859759 679791
-943628 418685
-486975 -982850
987274 -202324
615647 -589690
364332 -458151
-959724 -710363
459442 -822800
-690059 569464
-50617 -154682
875723 237681
-320087 518150
-310591 -39424
197746 -335150
-958606 -236416
780891 -865812
-45771 -714492
25760 -485022
-425365 -102823
-625489 156326
48332 -764036
415051 96894
-376099 -514485
-932307 281629
570930 188909
-163036 560278
196513 308734
441980 103215
948448 442486
-571025 938807
-305850 643767
71699 98576
-330007 710859
618246 653069
285917 555336
-680395 -632503
978730 -956720
321614 727676
-530675 218475
903586 -561199
647560 278097
178326 360150
-308263 -448512
-543130 46611
-718208 661557
360316 814999
948067 -772433
793955 -680524
-832185 847511
467625 -188300
888941 464700
825978 -189757
725174 329675
4517 -310200
-449507 967394
-445689 -166728
469260 107365
466715 501234
-514225 974662
379583 -764202
-731937 24472
-390590 308907
-300171 439397
-139668 11286
882452 945235
-563528 -674408
-711438 581821
-123563 469285
-544723 -405107
-760647 -343981
585668 -186400
-744522 -506863
339837 -389193
914310 979753
-794276 -673743
99710 -440482
679543 -250512
-415095 -852160
473188 574692
-336190 170774
586747 -147493
943001 523332
455220 -734730
-260208 -310336
251353 -421781
363842 -639147
448289 165516
-994275 -225297
-773288 -403554
583298 -52500
368651 -962026
575242 -144818
302135 77376
973837 -670425
-62010 -654463
723356 -16778
438163 748909
-599273 -834534
-520453 149393
-912234 -907382
543181 369373
21044 -249595
843187 828904
876570 -539482
-173544 431869
-698121 468566
-765426 69100
-638660 652544
748830 -497226
-63344 605290
-92011 995868
-115567 197900
618669 476970
-677141 715079
-901018 536269
-584980 25261
208827 759803
689926 -655164
-95603 198249
676721 -706709
-417542 842444
-559152 -786121
30684 -319069
125979 163394
862837 -657319
-478406 766839
-82468 490548
52959 499974
562185 -205339
-548909 -781992
266025 -770728
-60742 -849704
45019 71620
-76762 634542
-683123 327861
407384 -45133
-580456 -354078
131364 -912059
277890 642898
-95016 59099
-711786 -345789
319753 642320
-689687 408317
-421662 946128
-760297 886453
832292 773810
-764798 -318931
178160 -142369
-274725 -763459
776112 488833
731019 -850382
60287 -547873
366809 120103
-150800 -50615
-793412 150757
-236552 835979
964724 -637411
-693828 -671430
-635385 -305351
527258 114973
543044 605084
417808 674461
-156229 -913190
-492493 -219984
413169 -237450
-634939 -414548
521066 613033
817093 -370780
891337 89680
839127 -161317
663187 -96903
187510 -983947
83609 -748818
-404732 161481
-360122 -116835
656873 660352
965075 -498218
861855 -789373
-233405 339476
-962898 -886195
-272232 -450677
-82023 811947
175191 -434320
-65154 645316
10595 450989
587385 38357
-880539 -19071
564997 -903569
-187290 -716790
989691 482525
-940995 -613829
277895 -290218
454714 673023
514674 -932887
-324026 910457
152341 842981
-911828 157524
-577048 -133742
546292 11896
954029 896648
229292 -814464
999068 760603
-728241 -680469
-892784 -88162
-494481 -575798
629556 -435790
-2713 -185964
-746210 -868204
436493 640788
-299898 -509384
-898292 375675
-90803 252786
70675 158923
-457959 449397
-696189 -947742
518637 -512181
996300 -921150
704220 -437438
338829 631407
710442 -912228
372938 565229
56529 -754206
311021 903212
-296136 478474
463756 782358
-35298 -456579
-801284 -241517
98532 795013
-120699 -656907
-197574 860322
-855463 -657489
-494465 848205
-394439 -877913
-594343 -341391
559683 -913356
994646 456065
-801604 -862869
835802 466598
513887 938812
492874 -119595
-475794 236804
-402989 168113
-829583 -925326
631980 -365056
-118521 -817115
-612277 -665716
-70702 -316746
51035 322705
-931881 560801
735664 988898
281972 831323
-502465 -237000
-841254 -720511
154665 622731
453682 766320
-655809 321232
-988836 898176
-739518 -249128
619932 -817317
198998 -631024
130018 525831
-527267 -613743
-652827 -997164
-708236 -362408
629421 49927
-92828 -922849
-867612 -966190
207290 -957675
242980 749142
89400 680873
-137037 -306622
-471248 759292
609370 93287
894270 -253103
411529 -470552
962359 -978902
-873169 -644933
-338207 870689
-182917 69486
782942 -586198
-9451 -182223
-287044 730984
148071 -811854
371190 -367363
-14974 178753
-586279 613621
-214171 -421204
-656424 451555
699050 -228518
790371 80307
-913237 241602
993723 522078
-56574 -890568
450813 924762
700266 -35206
-430111 325538
336231 -343304
235880 -952324
822528 981714
-577951 -406474
-531949 818496
-264233 -942051
674334 -930758
-348677 -859360
-48952 507932
-242840 449523
-175533 -832447
-38410 -242659
82402 119010
-929411 -143863
54205 -272718
790471 5072
-353061 -380977
847325 -956521
-357202 -745964
-666613 289202
-803718 7074
284876 523058
-690008 945117
-928156 286111
-854718 -801278
604412 134514
-905598 -359330
282734 54176
-459135 136626
-587019 606833
764316 -193001
-379406 269665
-149040 12487
-335264 -233584
-675209 801246
586698 -305964
-48770 -613281
537444 696968
21099 -276843
-967985 124770
117869 -503824
-14759 880605
-525006 -799828
754333 -518298
-435791 -637012
-427519 354084
-968515 73684
472741 -702095
142296 -599892
454414 -751845
912185 -835585
-267408 -464274
-563337 593621
-771963 -202177
233415 398211
-38389 -739234
-769281 -337878
-941464 -987948
-36751 81540
-333049 -934811
-772246 224167
-705244 75532
-598491 911916
345153 451505
511884 -674638
-643439 592284
192586 -27256
921140 -54634
-389612 -457084
-209919 470902
-904043 -869196
-887056 846080
-563559 -777219
343881 425146
14189 547754
138778 -476311
-725725 303159
533062 549364
-613007 -894496
511465 863294
-679029 361132
143250 180650
-843824 875354
109946 174279
-578693 170898
711302 234492
856483 -355992
406380 -792417
640764 338326
848381 -764388
-347167 -419602
193863 897359
318741 -380881
963118 885651
-885872 -899557
996256 -718570
-116424 -127910
-123277 371055
-757232 571044
879934 639575
376893 993237
-367523 -625546
-449736 49689
744996 -841027
-668726 437668
-962562 482763
-422745 302713
761656 87060
-983929 425520
-915678 578386
-159762 -8150
764680 -773687
-607820 868224
765233 -426456
582090 227061
86710 318588
899601 -580094
-497829 679320
-39791 509810
-916693 -672300
814384 -633839
-857678 445999
357360 -296205
-799683 78801
-953396 711676
-394020 -42835
800455 -245445
427507 424304
663584 -745378
812043 577527
887238 346876
836001 -772641
-240339 -321844
453605 -733564
578622 -553817
-75432 -101993
-803758 -76903
472496 -388144
927356 -742345
-467881 666545
500235 328653
36867 -188340
766713 -731066
205405 24729
151580 -643312
824820 130010
264970 -988394
631406 21071
-270995 605939
402743 640206
-301392 645708
-570596 -122847
90346 -697443
-577306 -85579
-271315 33455
901652 289960
-523531 -310596
584800 254760
305312 -311030
970529 84989
-740018 -328381
-200628 -596732
277796 666269
734765 60119
-522729 -239414
516049 -856857
427643 423833
-317351 7414
-24887 381790
-732473 -496026
858713 -162351
142011 733944
-205159 119758
-688451 -900889
132534 -424503
919478 131998
645530 186814
-688694 -868326
-241599 -26223
-335110 178143
21376 -755452
839628 -248276
729334 858926
974688 89682
631385 372998
-411300 734755
-177808 797791
-815191 495425
-381072 -163007
3303 -449448
-321070 -500632
-607831 494236
-373843 -959386
-721615 -593025
948554 -88168
-327490 -813529
139782 415411
-257130 -977519
-978001 -282029
-891713 898436
-952932 606235
-95827 814380
894185 -710975
-313347 -453590
57318 680628
240201 617951
207818 831295
338736 272411
-918435 640357
-494273 -941052
860646 -968419
-899037 -337219
858326 488050
703955 683795
-151356 216842
715398 148260
965302 -484702
-293829 147994
164509 -690033
-330334 -953165
771470 243402
747639 -237681
353421 315708
-718569 461159
-982269 -675004
-976198 -977097
580914 -243316
-875369 817430
-861580 -539126
-159932 826349
180979 -656957
651047 476467
-892238 -507984
-567279 893660
-192778 360411
94324 -727929
147316 90001
182309 -506066
616653 -925168
676720 462416
-19388 967831
-723184 -569757
633079 -513989
894118 -657046
912826 239891
650183 199766
-282419 331009
-318767 -552200
-316918 457993
648570 -644049
708504 -65836
-476697 -5206
-860582 179373
826929 -997460
918710 27614
-550959 736382
-922217 -67330
781783 575001
-118893 -764299
-914952 609851
792170 -773221
505649 -379804
621619 422470
-113153 -811518
-199084 231060
814662 -479965
-821380 -513111
362221 -946623
732413 -30623
-290158 -163702
304928 895999
-911043 873865
-810163 577155
344185 183455
262837 -776130
2920 -261922
-214260 670480
813446 731732
-813928 -31615
-624146 743657
-111007 753433
-54027 -55024
405949 -452073
554182 685188
812238 670273
-907038 -162757
458875 351623
-638041 -91746
-154495 440894
-202471 26221
962023 -771433
-375815 555601
-640933 -884783
-963733 608738
-27591 611696
479301 -193396
-116015 -8983
92095 280501
780637 513926
-908147 966190
-291849 567937
180878 -34740
-310206 -41591
-805559 211488
3313 582107
-123935 142612
-954015 -549062
585286 -836536
696237 -278056
758991 581385
210363 329726
-673118 -438747
204155 -848485
736904 791640
260735 142384
-19194 41347
587306 -67437
551085 -60830
982447 -44892
-939237 -301222
845964 355233
-542170 563678
857689 969722
93189 -100110
-616796 646625
856814 -724348
-440099 640792
-210938 -391092
-468629 -129508
223452 -539837
362464 813677
402072 689093
-363228 908410
-505642 177986
17225 -652235
-889308 -380882
-513374 -568492
-497736 77053
393951 659557
903046 446752
703256 -471084
-276299 745648
-456830 297605
-664639 -71591
-151241 -846993
240045 943450
980990 171285
-989814 -73515
60275 598204
26144 182813
485084 707841
619106 -799995
805132 261371
-862637 557681
34867 -969671
-433144 144349
341718 328226
844560 896471
443831 571430
-633536 899271
-700224 -526036
-578165 -834261
720345 774305
-48212 392206
327523 -605759
-492666 865202
10553 -853901
-94541 -675150
-252855 -237496
218136 -533026
-284667 -555387
-267739 39026
-675485 531165
-603227 934648
275673 39431
-229465 -325460
-796390 119913
-501072 -48497
405695 -280943
-800703 321084
-910413 -975103
-593725 -246522
140287 -947736
47514 388933
-317000 -462780
-935821 292953
514485 -541811
648696 -341981
702769 -696174
216161 -718409
22578 37836
282029 -578519
572675 -403716
-502427 -690044
-183466 319724
737815 662523
124595 158961
-247265 -548039
37337 787332
-352196 -929117
787599 -858614
41482 -913688
716846 -493604
403815 12698
-801219 -246757
-403223 448156
-241054 -994074
667037 -113566
-522279 -762918
638667 605769
-180401 960004
293894 -208701
531905 -246177
-291716 -241969
829533 -558738
806498 210440
677357 89149
224856 703321
153358 -938677
783367 122336
246797 850039
-226253 15200
207733 311544
-248807 55419
569166 5144
684127 -430456
435749 208934
791179 926231
92087 -844109
-964709 -792241
94196 -754613
-247255 -733907
-636097 -784342
139895 512834
-45140 328692
201512 -59718
-840170 -128738
-458509 967493
81082 561948
34165 -245700
-525016 -252897
-67567 165837
653120 -268976
-955640 75702
593032 733649
186254 -136588
-153101 -179077
-302271 -521618
-712885 144099
-611866 880228
391745 243865
-420650 -137303
945403 -908378
-196139 553068
-681270 939984
110659 932091
152239 682184
792315 42968
311423 -606529
-439259 446193
355698 221521
450407 -812293
97178 572913
976954 -512866
-761981 459129
-446864 -762738
155891 129386
-40673 750813
366625 674082
926903 -339463
792502 859463
737543 -797620
-744581 -187089
-729438 -57876
870609 590470
463307 237507
-843668 735043
-88050 248434
-905798 -976928
94831 687381
-827648 422567
-649734 -35367
191576 -248888
-747675 866159
-593662 -921263
376151 -476983
-527249 113955
544081 811127
-152749 918058
-290936 -84424
-367748 -46029
-351623 942522
926548 -898474
479941 -915168
-277135 856656
185159 934894
69402 835032
-951167 -16318
-301 -525907
294417 -829401
59163 406483
281403 -82585
621169 409495
629030 347694
36011 241977
938793 -216085
-700168 766116
700232 250309
649771 -149878
432434 451260
18628 31662
545083 263256
-19439 527380
921206 -86931
-706787 725192
129429 -681520
70491 -466647
345993 118802
-981878 -905829
22175 -195947
402562 -177675
-40411 -233268
-304200 -6208
-963589 -914841
-403685 645356
-853681 -747295
-275154 587949
-122006 751756
-160385 362532
-199033 -474313
-642256 -712883
-917489 362132
-541325 358953
957691 764110
468669 -210060
-73446 695573
-332856 -679876
-849136 -178985
-309067 -888224
-530360 356828
-721408 -799793
425271 -648890
368675 -891866
-859620 752807
-332539 -562384
256019 -481104
-389451 -988191
80725 622735
-451179 -464413
678513 58994
380728 910593
67066 -849155
-811530 129298
-306845 9246
381879 448877
440361 -900566
-453238 -153426
-614842 769564
-770642 -340525
-239894 278230
-465344 844030
679831 -594050
-425769 -856517
-249201 113212
572644 -352913
770738 643189
-420447 678361
-299886 -61707
205952 506402
-721776 -231922
203922 -299954
15824 982137
-635079 154354
-786377 -993628
765752 -23874
-904668 448409
13192 52143
-949374 366751
342984 920811
104010 -515778
150843 61831
501772 -348024
-991409 -71578
-780786 368658
457159 967989
962102 303300
900104 400098
785325 336120
-147754 875230
624829 781993
295198 -436511
284340 545547
994102 -377217
-623920 908404
-863118 653911
-542893 455334
657150 -51118
103419 -154521
130461 -371913
624702 -354228
-899531 -395629
884365 -374803
617962 -226275
666047 -210973
624466 10392
843025 732539
-994860 -40424
-916463 -987250
-41653 909890
-282952 230509
-952612 -845545
550933 551472
872521 -12227
194554 -173571
-80725 4147
-934183 -439723
470538 -975971
99727 -185803
378949 -808671
628830 77206
338505 -756653
-354904 339355
-859160 -470541
-772397 166226
-612675 -761572
895530 697458
-547383 -539974
527241 622017
411725 -653396
33195 326092
277323 -528182
132943 541011
-120318 146140
-27860 -527437
-310061 744672
-851575 -191287
507371 -762204
186667 -873639
-434138 466195
-603963 350931
-85302 294087
859223 -451943
-146673 -737171
374341 754970
-808602 -508225
-514197 -422337
-617248 381100
328167 775444
-439849 895809
776654 968569
348435 -154411
-577947 387322
209969 -550718
-205321 249073
-724832 -305906
-455614 867796
542932 209007
439009 840559
537216 -59869
664389 -617161
-778194 -20396
-448126 -946241
822933 192493
749249 368030
150482 -610926
-70390 -710111
-524234 -247243
-497530 -162533
