72
217343 -95848
146493 592158
544670 -631288
391986 927372
-489093 -572748
-435694 -385471
541898 188422
584316 -644922
102136 591018
-758179 928168
-480845 313434
-559781 -299167
535604 159308
-86643 202484
-214645 881664
313388 792212
-299526 -587277
414173 210123
882909 686827
322950 771034
-465596 405165
884302 -263222
966370 -92085
298015 -84722
-727024 133603
-229934 482174
916111 -715600
-739111 666448
-15460 -458404
-632763 582846
-63156 767755
844714 32159
-655487 824729
130485 -497752
-973136 761799
-65555 344942
690724 -796790
-257962 26159
-981129 -600570
-433594 11968
736040 -659571
-173887 -894382
372383 -710655
-625017 774519
258349 -561138
648686 -451227
-806756 76146
767026 -621886
404035 135933
342298 299531
-699254 479862
518059 978621
94439 604871
-406998 -354324
299284 155556
-919220 466493
213920 -462994
146330 463840
-877450 -462911
-119397 -628424
587678 -551632
-208376 784283
-377647 76341
709720 -560862
426802 -281837
-529710 419710
-693034 -540361
325176 740616
74631 -518945
-164532 869915
646654 -417753
951872 164683
