1000
84375
255718
346292
150697
431925
165200
419956
489590
403785
81034
393058
264058
127690
432705
240132
16507
274561
67393
425994
409859
325523
66815
409304
219872
24101
133255
86898
317412
257068
467219
41449
32236
275163
427839
209830
49061
361638
415328
297892
101343
436667
53246
391897
223274
175782
221434
168386
446735
10622
20498
46291
124728
294556
10157
145639
292499
151112
401456
82253
417838
114787
184353
182124
269068
358504
318765
319989
454609
306666
70078
38704
291393
455709
431587
21588
57632
177822
364181
35605
449139
398143
47631
234833
380806
444192
337853
206383
436468
418539
404132
78748
317842
203076
231398
297544
462366
175681
405663
144157
144752
187331
119701
285122
294086
398321
20147
471232
80285
459606
374466
190295
465572
261348
432622
393014
255358
118500
315892
462948
152296
145087
28492
273144
133874
138092
115080
298946
338303
43341
86101
482917
370345
62954
153267
44402
364336
36970
337474
311594
430956
60649
317944
5967
22566
67131
490227
474893
484236
220240
6836
371363
95414
14373
205832
183039
248809
493508
485798
194887
162243
303681
382680
285714
479856
240098
5489
173305
291919
478639
241458
8440
61895
2145
435703
361802
55988
157683
261878
348562
467507
441970
82662
246489
201574
49508
440906
99189
221845
22195
446924
150788
207094
225006
13499
74584
169318
4830
254010
367372
274559
216056
154887
250830
277474
138852
136272
246045
163544
19925
211047
87701
78561
8860
49436
190253
314156
180420
313780
327000
324063
294095
363771
420922
420228
155485
216176
445508
472414
69420
273462
477572
454864
65725
320238
346242
126024
359272
291238
234150
138796
231725
88453
449427
332644
483248
16599
136882
175896
89953
452406
398988
301383
189524
153103
345814
285014
45398
277377
151048
31128
387
148158
207460
453690
427035
140194
430235
12877
350297
431417
317955
345504
243130
423387
335870
32661
431923
378224
163145
78569
136110
429854
469278
199572
358136
252583
51577
292934
412645
363
175297
294268
52430
75220
113732
363108
482110
224415
29653
450947
269439
327782
60551
261092
396267
118773
173425
260789
92432
337202
5191
335158
486499
146744
277945
259033
82857
108009
1901
62676
489218
392758
58952
123707
122221
359646
321272
87682
179356
425874
233948
9221
485200
226170
377295
75063
380674
353588
57814
76006
196754
413523
268256
58427
202279
117105
392105
146136
333448
381877
149119
439035
219012
70187
329109
223111
105280
20932
398507
111163
133441
378299
33108
138446
211052
449406
16353
476804
106778
150098
159993
129062
292130
396330
414118
244723
314684
441600
151228
137231
34456
434338
65096
50650
316036
167239
425245
489104
13834
494846
94
194218
150318
137530
139898
140483
468411
76262
191779
498181
72515
321646
165962
150742
46020
450599
462080
332102
307490
457212
310343
162478
415767
189277
25321
29441
368846
73742
296578
37732
318889
225386
307206
23974
290831
102297
251298
361998
459191
362029
394846
84097
33798
453410
353251
308793
39833
148144
326223
349307
249602
26363
234509
456700
111931
133544
499033
336847
475672
81668
89925
47163
185781
439288
131828
169248
391
471142
151727
132330
185575
166374
398638
243676
130987
199545
77622
319265
112958
348525
402719
213587
339119
396773
174980
143990
170148
150
226273
73988
374408
471679
120331
43715
256313
453591
48639
394893
65737
141071
139757
190617
479310
24093
444764
420488
286746
293724
129434
265862
91196
330564
89601
330787
369687
475952
485948
185921
239576
374478
494650
160675
155425
364486
153669
419998
401852
305806
8905
243717
351819
131077
29885
86282
222880
6734
20976
457581
159488
198367
342919
479561
221922
169960
33190
237086
67071
461630
195075
275324
359214
376655
161909
134539
482368
42014
118308
113582
167986
441539
420762
80038
218799
267644
98823
345643
296724
473008
87140
494542
281261
402510
84807
470841
302894
180583
393249
105534
169683
157846
220138
221856
120271
117546
328544
78946
394037
230141
34249
337745
442241
156175
127359
130026
289182
427391
347903
237440
156528
352227
168511
425756
301810
303401
75215
240369
232563
173949
89790
477432
366609
4058
305788
318907
106385
22558
51521
42861
260879
366477
408874
403927
275083
345322
442539
103381
257497
149133
78325
484709
354165
487896
417319
312526
418400
121845
267864
321710
248663
427481
219716
232875
109145
57135
346542
253466
415740
225497
333119
152010
364690
412620
452727
131011
156331
29424
280975
369183
82540
471666
461485
354765
398986
229790
21140
317650
35812
238922
345503
481935
18238
476819
110590
133049
308152
412212
247849
351603
197749
234034
402865
179121
277832
393421
426296
434176
300089
342613
323536
380307
371106
462140
234153
247555
41936
397640
498571
344115
309457
125432
352982
476453
60901
56140
385228
185822
257296
478074
85071
469104
353848
366128
467540
487288
279996
44204
7425
104466
19907
387883
57789
396673
458252
302556
488905
381046
435796
318479
476537
322878
283703
307665
174902
53313
350149
235088
223507
96361
202781
249990
353421
464684
237797
35215
20439
90181
318657
379804
53064
103117
421137
195096
485986
88847
138639
294153
242980
443990
26046
249170
286926
379633
179915
4401
319022
105587
206851
86090
118189
181821
24670
271065
281334
477780
90063
226170
206765
486727
127600
356690
163690
1725
219309
200864
141867
262642
231655
306409
326976
53891
494672
383372
134597
391950
61569
47856
294870
473859
182233
241942
17493
195751
177504
379190
132999
384724
461596
458868
437509
316369
411016
398783
105474
91914
89671
446873
39384
304484
277814
86554
440721
106653
22055
281359
270304
412807
55959
233886
426485
122965
468620
212640
343089
192141
258455
428556
214031
334632
383764
478813
313520
39907
340764
273504
450658
462461
350956
339786
174848
252971
86912
112033
275927
12506
390958
70070
338147
130438
118496
368685
348828
385681
284000
132805
488663
468479
237887
179064
395285
323117
83522
278491
31113
412276
232348
475435
427575
322403
106845
293010
384003
398413
166322
18978
428811
57978
247272
263646
311944
155523
81347
413900
19111
72429
481812
237926
45304
113499
139802
418025
29531
266808
54898
439935
123815
486794
216244
346637
232874
196881
4893
37403
131630
228211
110906
314029
344718
48905
172651
340895
35522
86632
487593
74517
49172
27014
93011
76649
304793
32716
288486
23650
365238
161156
450215
182921
350260
159271
871
465512
291041
404001
484502
38799
95853
302744
183866
52661
435089
361429
343796
221599
465456
459542
249094
436419
177995
9735
234958
49612
216649
359458
323939
231706
480300
411516
366792
104890
177907
314247
211035
384270
216144
273025
67112
66101
30850
465584
307664
460784
148550
402450
55250
45618
207703
145496
424692
452518
350896
296401
75460
290769
33553
21795
121656
343885
378813
402375
233885
130930
147351
300474
409024
130400
16490
256371
235764
208890
22221
372425
