1000
-693973 253009
-352640 263215
-776814 841664
93399 427274
465731 -454151
-790686 -843405
-268759 30198
-625863 -321688
508968 -223277
-480870 -315047
-973679 655207
-36459 -957835
-401047 885418
609332 -442281
704286 -700460
-586250 -430755
-611778 319180
86650 559110
185147 423008
-85756 -833495
499119 -818520
530186 627527
726180 -423606
-109429 362326
524542 -588725
-765267 -928524
46179 -96887
-473945 -509121
-142408 177622
-317029 911481
42886 -119945
440831 50404
498302 -83436
-807060 333251
182856 -292558
712572 852782
-298272 -398292
29421 -637371
699399 398491
81085 388634
-45407 -115901
60675 863481
-419505 997976
41142 -468004
573680 -827356
773147 -828746
679305 892058
-678469 -15754
631850 -102374
-873694 262896
188122 -190328
-421020 -182999
374413 703789
-532464 -611780
932656 348892
846974 -766579
-6323 -731596
740945 -392802
-217719 517840
-520848 817848
-515091 934307
-665066 816337
-193684 -821744
-3459 521935
-224996 -791255
-247344 -387471
753295 805447
722411 910856
-562883 34271
504636 579628
-179812 -232084
-321551 -377940
-507609 682868
621014 402198
759629 -333654
393880 6230
-890838 -802150
937215 -421487
393834 420291
-945695 994033
26587 795062
145597 44485
-448068 934904
-864957 -707791
415581 -803072
567259 -189742
-146299 782840
-354227 -900148
303972 -402060
-758347 -764183
519909 417301
505318 -567817
811102 -293180
772186 235685
278431 -954731
-557210 832609
663732 -542533
-833004 51859
-516285 716597
991777 -157107
61747 582154
-189535 764390
-551900 772356
828803 -40337
705685 -307156
-570297 682824
-281574 -336739
-469350 347195
-91647 -387518
-365814 -771795
-835516 -273522
-291378 -471095
175622 299137
-93698 397000
-307182 -564516
613605 -800251
-530234 990467
-671703 896786
695097 65766
-655021 142667
927604 23791
108192 158480
-69009 -197771
-912312 -480014
-217172 -708886
-206307 479933
478572 224035
-568971 -595898
88077 -113009
-346413 -219550
-998201 190445
601387 -362135
-671923 -370356
281570 453880
167268 -486963
-946155 14457
-756640 436703
507549 -594569
619524 -752725
634799 -33769
-553054 130202
-814033 829673
871390 192407
33155 -337438
-795884 -180993
-419061 433799
524450 777718
-681630 240915
582715 -367063
363595 325438
928847 -999013
663194 -388608
-327897 -596073
-164165 -940760
-323033 13753
-593114 -911315
110907 -811468
-664881 233001
-517141 -914118
-121712 291312
944326 951600
499736 189380
-266066 -662984
93081 384043
-909173 -409673
826645 -311840
863883 -671375
253269 122851
-739352 -652575
-797650 69662
-104016 75108
-61280 494111
162335 -502902
-553401 -832802
428292 763710
-739602 559520
-798390 -550941
445974 -420407
255922 -73707
-92960 332677
592759 987614
607077 424109
-539659 -820186
-798193 694130
540766 795686
-216253 -386545
-868812 -927590
-159531 847802
264338 92000
752241 869724
-268908 -108870
928377 -737829
977736 323641
-220133 915251
80076 630356
292650 -371074
-213394 -528554
513353 192997
798763 903784
640939 -555825
748641 -568323
-339655 -849800
414486 -18868
-363208 -713085
730456 363397
-380294 945387
-584034 996543
-337338 -964189
766837 -931023
-720494 131616
-929845 -202370
-137961 35712
515312 773670
274802 -275917
403700 -668908
473991 558
-130709 541551
-876678 590468
-11597 -867256
465890 -862778
440374 708487
659173 546904
658715 903887
496594 65104
-557718 87087
776386 -539163
302060 -827538
-441088 852566
-162371 678576
-251443 -524909
-245318 403189
614475 396780
685419 -298223
478074 -910480
-196056 -89205
-172634 148712
856864 -358628
167080 -221213
-679458 -33072
433841 -950622
-885088 378769
194471 95378
-371469 838098
448835 -108553
-322022 -166660
762931 238360
-910097 -360612
954341 -930828
151943 839199
294412 401970
-128300 947855
-723604 -538950
717259 680916
60544 -211627
953661 588547
348577 14462
-944931 -712981
546111 -219291
-487969 -134115
-320172 -785773
-734645 -181383
-100412 983221
877713 856155
-76944 -183132
779960 -371703
-655140 -337913
-138092 762849
-717858 598857
-825263 -851589
711523 258157
391529 120140
360349 522115
260070 -73510
-572307 -749268
-223231 -74030
-846419 519185
-196986 -728826
-134010 40815
50643 871637
642880 -589581
-804698 301737
415007 932661
199134 -297487
702280 868263
-896351 857156
977234 733682
-501865 442346
47291 107087
101142 165687
-115804 -162070
-994961 -139070
-538645 184779
897813 121308
840773 215911
-59385 -69437
-21626 -102245
607301 -869443
210021 -154321
-320909 770720
390500 -936660
-962985 28303
520448 -895598
171992 -363070
132060 -665307
933143 -316030
-804275 695351
631865 -57346
853717 -218029
-902559 -847942
903598 -274409
856996 -817577
989631 361533
842271 -908059
-673117 662156
523255 677594
405904 -464769
-847110 863193
7619 650849
504189 799856
-801039 222240
-782720 -289063
362677 -667968
687631 -390363
-461024 761459
-410825 79343
205904 629476
485615 -970198
495989 -407544
-881566 591287
315211 -213677
-884218 597062
-174990 438253
-26227 331008
-121582 -542989
885601 -571740
-99597 -251520
321213 -637508
588710 47580
-591401 -290500
829913 -993799
236475 447042
742315 -428946
916508 59403
-197466 562661
-995456 -669606
-838956 297804
-397034 -201833
-791575 -828725
536523 -319297
-801174 642020
-810834 -828989
-411513 448826
-661855 -126675
269242 -965115
-864502 -648060
172309 -237674
-371468 855915
103379 -380066
822265 434394
-977167 385427
-910644 356359
-561717 -648990
-684365 670311
970089 -106663
-652844 749271
93843 -262477
-637841 -713852
-707805 -988077
606588 -472598
-582206 835548
-133494 371046
331070 275181
-184797 11027
566187 -446884
679843 -840751
-166666 -773920
-809701 -785204
-319312 935208
925345 -852824
527351 -741273
-227866 794839
-26096 -19172
-618516 205893
-704842 -645139
-984411 -774514
-592038 662111
-891543 782847
-973594 -992948
-980903 81282
-413230 -211851
654176 -249264
657147 -95695
-410799 872769
-870905 744307
468521 750834
-302665 -464148
-945896 809726
-172128 -892835
-810827 40409
467467 -847383
-17805 561805
827720 -410048
673974 701754
397845 -419005
-742260 -411616
539334 653319
-726309 831422
-721194 268989
819580 513599
843362 -909337
758343 -623719
-317909 -974825
-670874 732644
-180426 -216570
279235 -645718
-994942 585662
-772065 675739
993142 -75566
-274038 784973
281158 -359877
621729 394205
-388496 -918382
809895 -837565
-372475 510916
743441 -620683
-969250 532486
896334 -854625
417219 644601
368796 725932
244855 -12671
-89056 -133730
810534 -540998
694724 -967487
-633682 -56735
-123513 -806629
18741 -748775
-207495 15827
-341427 -173218
416110 -939353
882226 846006
95725 264059
-138121 -793718
76590 -577960
-595775 -743132
366327 -282168
165260 -893958
371796 -926887
381429 647948
903502 716768
-60740 795754
-419897 -546685
278972 542494
-97903 496096
626465 517055
-935105 -410916
527377 -435166
-422404 525510
496962 39704
-656507 517533
1034 759331
563052 204888
-178857 887434
-36951 197245
-286844 -567688
-365804 993660
-642481 513793
297278 438622
942949 -870288
-431198 -343977
-713495 -229229
-563258 -371237
130912 857392
13402 527638
-571565 525573
76703 -277622
582044 -42248
-45396 74240
-582275 -238487
-179879 -676563
964452 812252
481608 131197
390886 443011
-641330 766911
-394998 567282
435564 350941
186721 -379858
-603351 -140261
497969 -804385
-705105 -747252
-605408 -617304
-457649 120760
-71156 -253561
-776251 -927405
-232959 65780
679517 -66207
-342384 687137
430274 -134934
-951715 -21556
695899 -91581
-452998 -305217
986598 -387175
861100 -58954
-976663 23655
-7505 640505
-733582 -692717
-60762 414464
12135 -916459
-36812 -200193
962460 617559
745616 -4082
-653603 171994
258812 405408
486261 47565
13582 -509499
-602984 -729513
-534460 441207
62523 67016
379216 866081
537617 153132
755077 666893
-978993 -150769
-7194 582524
-452599 842098
-423626 140375
-690244 -429021
-723798 970188
827003 -618239
-750871 -166258
675857 -206242
-139280 -493468
269310 -487432
-840642 115660
-170657 -379129
273131 -514627
-573888 149577
-133303 985695
-828417 -10069
-122484 -376034
-556693 544369
173029 68384
868991 833882
520988 -357001
482549 540392
-892948 -920317
750915 108071
-505049 -664147
618199 736593
293347 -763504
379503 -728012
76608 -108141
211952 9990
241211 537590
388735 705021
506723 -932782
734600 371110
962618 262494
97590 -428960
-30570 -637324
-204699 -27584
-706450 573814
-696459 9286
620494 582805
-985438 14767
-910742 -613337
-397969 -639965
-811990 687548
-685285 151872
803422 -443090
835294 51484
261978 -898779
783797 133128
-501727 -418798
-971689 -375142
976149 662508
766786 632577
887688 831941
485606 -389477
-981536 -838874
382926 446469
-835214 947410
137075 180209
-583907 758677
-503041 -504627
92291 321582
-671455 -875279
22438 -267078
-753032 -633382
471694 -569551
-551820 308076
-698587 179885
-483510 -783298
-22794 330089
542050 325936
881160 -383065
-499140 -105255
887938 440916
-179829 -905193
-624443 -114545
74578 -843395
-568779 41679
812065 809013
648020 629318
679908 -631222
923276 86893
-70907 -703839
878261 849158
831902 485654
983601 -206645
-340795 -991350
381592 462527
58975 -517117
-536837 668303
965791 940853
-725479 -554878
186165 -710967
-693029 -349185
-534932 566606
675338 689952
464841 897355
-720121 -142738
-817662 -531147
-893940 208163
-257496 -861588
272380 -981371
113639 -759761
856387 -331601
546710 458580
-259249 747460
-566743 216839
466763 133683
-720225 700628
-752648 144077
917837 622454
399979 -49794
273910 13323
356909 -161244
-110780 -565500
-708006 -443187
-47660 -40184
-954444 940386
428837 247892
-919541 656517
471052 817660
354852 807392
690284 801539
637867 339990
750211 605963
-998493 142381
-654561 409343
-869557 -24682
823457 -50255
-814912 -518442
847939 -433037
-828427 521108
205506 -560139
661686 216989
-959257 388535
-230320 581281
133235 447273
231207 829665
-714348 -902921
340736 94925
-95196 721723
682969 886000
-116474 -761973
470781 -453063
-929852 175142
404755 946743
617566 -697653
219828 -899090
-634663 578479
-271561 993265
644983 764589
435931 -790045
-842169 -748820
-79854 -528600
-100439 493711
-698636 10647
123697 671141
-565042 853113
225063 -533219
940684 188989
833257 -730833
587354 -751240
27542 189156
681526 45778
505242 -469768
-761208 171525
-2647 -895756
4129 -974208
97799 -745914
-497106 -735595
633508 356550
651062 208231
762298 -955869
484957 722332
553059 888202
941193 795107
-346910 -943382
-623556 -923630
598662 636701
-715194 502505
350200 -82742
-385471 597216
-407088 497143
-231729 127115
222507 -197154
-202316 238792
-110579 182305
-494475 500580
596758 845790
-744412 771947
-344910 -777392
-203247 -184490
468873 -404934
-34061 854323
417954 58312
413659 -371755
-581571 -455095
141099 -375242
-834755 -643358
931458 997595
-217308 -866815
-309464 -756116
124420 598617
-575634 868024
238606 435683
723176 -361319
-811924 -237473
519276 -108679
679822 -147770
-16182 -12929
-580378 -251850
138974 119735
-741163 455017
61595 -760417
-236977 -889772
-695196 -141002
-843504 751417
-46267 -625575
-742096 -93128
426154 503301
704101 -197019
892446 -710019
903325 -622848
-244192 373413
-447765 -244746
721947 616210
-596327 -646765
152728 987870
261983 -12138
584261 -710138
450807 -823516
547751 664337
-47878 -768686
-457006 212007
222206 -250843
411088 -806376
-106599 350132
-328950 -199797
688384 685874
-370371 611049
-308952 645177
-856620 -50680
-766330 520979
74035 -412291
814042 -594363
904084 705606
-677439 337115
125692 -625485
-341455 278949
623125 -361482
609536 670143
135807 -995241
-990181 -484901
219545 875513
-667091 -780214
252152 318067
-375300 512720
680400 933247
-312173 -976656
-568333 143891
178247 -933868
-778943 735174
229580 -175211
260192 -661465
-415496 -694037
90035 683008
-500698 417810
235573 -744077
973302 647109
416648 290676
119440 484116
-522502 -99978
-220587 -395055
636791 -772918
-210898 -115604
618131 258387
934179 224834
-587812 -668568
842309 -942793
924357 701211
373574 446854
-120403 -469222
680480 -290905
-154310 205123
-119578 135580
-391958 -271154
-782678 67374
-944912 948878
-738155 -925282
673273 385249
782034 -269590
-6587 232692
-257532 607202
808385 798277
-306729 597722
-95212 228656
-427642 366700
-491812 -610469
-359528 172246
360013 754374
-254267 170016
-443806 168777
109725 386783
39997 -254578
-364146 663450
-23524 -746967
508308 -817872
541181 989141
481605 475337
752333 -149798
117914 -46843
-564670 -832021
524088 129675
127502 122543
65284 -66094
-338592 597450
285156 955288
-27569 -85568
-971307 -801654
-408298 -110534
-553852 -636574
-314033 145900
-196784 -407549
-854885 106316
588602 -905512
-609006 -22806
298729 -936588
886936 -577297
-62547 458294
-785934 -368174
332351 -351324
-717679 772662
-870866 -106021
-458725 267399
522033 -691290
570916 757522
-529689 208445
-98748 827446
-516363 -109497
-378939 -75132
-611607 710696
227824 -290043
181377 -558203
824327 349400
312687 357346
483988 456109
-403732 -796254
811368 -932298
-783992 -951527
114541 -595329
578540 145903
-946200 255431
756037 861860
648279 -656351
324776 -139965
806212 61630
-349241 -569648
398297 -493201
787339 359735
-40721 89910
-146931 -586493
774518 -816657
-661921 -731809
-715501 248586
-22717 -757079
-622997 -595584
-154048 -173038
129297 -686708
-852574 727490
-72666 973707
612590 917038
293526 -546597
-585655 -368158
-673304 303210
-236716 -396810
426809 -794450
886471 208046
199889 -607734
-27183 -670405
49688 -667113
-185919 -452417
617185 -589918
-142457 574441
202938 -566540
892482 -775665
-882560 -465815
-64198 -836038
-418755 562810
-758440 -507664
-463891 -724300
163661 -992769
-110480 -756770
-740565 624484
-697298 -315448
13803 -644997
274466 -60590
261249 171135
258972 -823876
-310195 -349821
94177 -7855
642868 -496025
461750 -607604
611175 88729
479441 941895
-783083 877829
123564 -644150
946940 -878054
-738160 738002
-793536 -519619
-400059 -240416
-680385 -785135
-501621 -284449
123411 -520402
47429 857248
805217 681766
-556033 -653903
-996627 747259
758195 -35439
481492 166555
-428236 -542678
-907836 -949561
-380463 915402
252607 919832
-835413 -353092
-82188 618687
-206681 445630
26939 -720172
467457 -125103
64290 17715
-630516 207330
641097 766645
-417255 -538971
985682 -164982
714247 -911043
656357 -746602
753717 53720
717106 891771
841822 920863
86101 968504
-454289 815759
-365881 -459383
-37808 639116
-847471 -413537
-685474 238122
-929629 -855444
-879553 409509
-939828 -231398
-164592 -253520
308893 151960
-749531 -715050
-541503 -565872
234075 -537609
891302 -489653
-182038 502708
-867821 746528
-966880 -85921
738772 -485948
-863143 -596652
702769 -793015
-900151 -111140
566305 -133534
751895 -655031
-314010 -142273
354917 857257
663124 -713409
-352084 325
-579318 -601793
-445692 490432
-225427 -322779
-690598 87957
710384 -403847
-948659 -262994
618987 824620
329172 660824
398573 272074
248826 588167
-145169 578627
-100145 -706921
