1	500	500	500	500	500	500	500	1024
2	1500	1500	1500	1500	1500	1500	1500	1024
3	3750	3750	3750	3750	3750	3750	3750	1024
4	7875	7875	7875	7875	7875	7875	7875	1024
5	14175	14175	14175	14175	14175	14175	14175	1024
6	22680	22680	22680	22680	22680	22680	22680	1024
7	32886	32886	32886	32886	32886	32886	32886	1024
8	44396	44396	44396	44396	44396	44396	44396	1024
9	57715	57715	57715	57715	57715	57715	57715	1024
10	72144	72144	72144	72144	72144	72144	72144	1024
11	72161	72161	72161	72161	72161	72161	72161	1
12	72200	72200	72200	72200	72200	72200	72200	1
13	72267	72267	72267	72267	72267	72267	72267	1
14	72368	72368	72368	72368	72368	72368	72368	1
15	72512	72512	72512	72512	72512	72512	72512	1
16	72709	72709	72709	72709	72709	72709	72709	1
17	72973	72973	72973	72973	72973	72973	72973	1
18	73321	73321	73321	73321	73321	73321	73321	1
19	73774	73774	73774	73774	73774	73774	73774	1
20	74358	74358	74358	74358	74358	74358	74358	1
21	75105	75105	75105	75105	75105	75105	75105	1
22	76056	76056	76056	76056	76056	76056	76056	1
23	77263	77263	77263	77263	77263	77263	77263	1
24	78789	78789	78789	78789	78789	78789	78789	1
25	80714	80714	80714	80714	80714	80714	80714	1
26	83138	83138	83138	83138	83138	83138	83138	1
27	86185	86185	86185	86185	86185	86185	86185	1
28	89911	89911	89911	89911	89911	89911	89911	1
29	94377	94377	94377	94377	94377	94377	94377	1
30	99649	99649	99649	99649	99649	99649	99649	1
31	105799	105799	105799	105799	105799	105799	105799	1
32	112906	112906	112906	112906	112906	112906	112906	1
33	121055	121055	121055	121055	121055	121055	121055	1
34	130340	130340	130340	130340	130340	130340	130340	1
35	140863	140863	140863	140863	140863	140863	140863	1
36	152735	152735	152735	152735	152735	152735	152735	1
37	166077	166077	166077	166077	166077	166077	166077	1
38	181020	181020	181020	181020	181020	181020	181020	1
39	197709	197709	197709	197709	197709	197709	197709	1
40	216300	216300	216300	216300	216300	216300	216300	1
41	236964	236964	236964	236964	236964	236964	236964	1
42	259887	259887	259887	259887	259887	259887	259887	1
43	285272	285272	285272	285272	285272	285272	285272	1
44	313340	313340	313340	313340	313340	313340	313340	1
45	344332	344332	344332	344332	344332	344332	344332	1
46	378512	378512	378512	378512	378512	378512	378512	1
47	416165	416165	416165	416165	416165	416165	416165	1
48	457604	457604	457604	457604	457604	457604	457604	1
49	503169	503169	503169	503169	503169	503169	503169	1
50	553231	553231	553231	553231	553231	553231	553231	1
51	608195	608195	608195	608195	608195	608195	608195	1
52	668501	668501	668501	668501	668501	668501	668501	1
53	734629	734629	734629	734629	734629	734629	734629	1
54	807104	807104	807104	807104	807104	807104	807104	1
55	886496	886496	886496	886496	886496	886496	886496	1
56	973427	973427	973427	973427	973427	973427	973427	1
57	1068575	1068575	1068575	1068575	1068575	1068575	1068575	1
58	1172680	1172680	1172680	1172680	1172680	1172680	1172680	1
59	1286547	1286547	1286547	1286547	1286547	1286547	1286547	1
60	1411054	1411054	1411054	1411054	1411054	1411054	1411054	1
61	1547159	1547159	1547159	1547159	1547159	1547159	1547159	1
62	1695905	1695905	1695905	1695905	1695905	1695905	1695905	1
63	1858429	1858429	1858429	1858429	1858429	1858429	1858429	1
64	2035971	2035971	2035971	2035971	2035971	2035971	2035971	1
65	2229883	2229883	2229883	2229883	2229883	2229883	2229883	1
66	2441637	2441637	2441637	2441637	2441637	2441637	2441637	1
67	2672838	2672838	2672838	2672838	2672838	2672838	2672838	1
68	2925237	2925237	2925237	2925237	2925237	2925237	2925237	1
69	3200741	3200741	3200741	3200741	3200741	3200741	3200741	1
70	3516217	3516217	3516217	3516217	3516217	3516217	3516217	1
71	3878284	3878284	3878284	3878284	3878284	3878284	3878284	1
72	4294878	4294878	4294878	4294878	4294878	4294878	4294878	1
73	4775575	4775575	4775575	4775575	4775575	4775575	4775575	1
74	5332017	5332017	5332017	5332017	5332017	5332017	5332017	1
75	5978479	5978479	5978479	5978479	5978479	5978479	5978479	1
76	6732638	6732638	6732638	6732638	6732638	6732638	6732638	1
77	7616627	7616627	7616627	7616627	7616627	7616627	7616627	1
78	8658524	8658524	8658524	8658524	8658524	8658524	8658524	1
79	9894496	9894496	9894496	9894496	9894496	9894496	9894496	1
80	11371987	11371987	11371987	11371987	11371987	11371987	11371987	1
81	13154607	13154607	13154607	13154607	13154607	13154607	13154607	1
82	15329957	15329957	15329957	15329957	15329957	15329957	15329957	1
83	18022773	18022773	18022773	18022773	18022773	18022773	18022773	1
84	21418420	21418420	21418420	21418420	21418420	21418420	21418420	1
85	25808335	25808335	25808335	25808335	25808335	25808335	25808335	1
86	32177657	32177657	32177657	32177657	32177657	32177657	32177657	1
87	41409152	41409152	41409152	41409152	41409152	41409152	41409152	1
88	54770726	54770726	54770726	54770726	54770726	54770726	54770726	1
89	74075662	74075662	74075662	74075662	74075662	74075662	74075662	1
90	101788242	101788242	101788242	101788242	101788242	101788242	101788242	1
91	141396367	141396367	141396367	141396367	141396367	141396367	141396367	1
92	197279633	197279633	197279633	197279633	197279633	197279633	197279633	1
93	277633445	277633445	277633445	277633445	277633445	277633445	277633445	1
94	388385369	388385369	388385369	388385369	388385369	388385369	388385369	1
95	543654510	543654510	543654510	543654510	543654510	543654510	543654510	1
96	763540519	763540519	763540519	763540519	763540519	763540519	763540519	1
97	1071776298	1071776298	1071776298	1071776298	1071776298	1071776298	1071776298	1
98	1479894457	1479894457	1479894457	1479894457	1479894457	1479894457	1479894457	1
100	1487293929	1487293929	1487293929	1487293929	1487293929	1487293929	1487293929	1
101	1494730398	1494730398	1494730398	1494730398	1494730398	1494730398	1494730398	1
102	1502204049	1502204049	1502204049	1502204049	1502204049	1502204049	1502204049	1
103	1509715069	1509715069	1509715069	1509715069	1509715069	1509715069	1509715069	1
104	1517263644	1517263644	1517263644	1517263644	1517263644	1517263644	1517263644	1
105	1524849962	1524849962	1524849962	1524849962	1524849962	1524849962	1524849962	1
106	1532474211	1532474211	1532474211	1532474211	1532474211	1532474211	1532474211	1
107	1540136582	1540136582	1540136582	1540136582	1540136582	1540136582	1540136582	1
108	1547837264	1547837264	1547837264	1547837264	1547837264	1547837264	1547837264	1
109	1555576450	1555576450	1555576450	1555576450	1555576450	1555576450	1555576450	1
110	1563315636	1563315636	1563315636	1563315636	1563315636	1563315636	1563315636	1
111	1571093325	1571093325	1571093325	1571093325	1571093325	1571093325	1571093325	1
112	1578909709	1578909709	1578909709	1578909709	1578909709	1578909709	1578909709	1
113	1586764981	1586764981	1586764981	1586764981	1586764981	1586764981	1586764981	1
114	1594659334	1594659334	1594659334	1594659334	1594659334	1594659334	1594659334	1
115	1602592962	1602592962	1602592962	1602592962	1602592962	1602592962	1602592962	1
116	1610566061	1610566061	1610566061	1610566061	1610566061	1610566061	1610566061	1
117	1618578827	1618578827	1618578827	1618578827	1618578827	1618578827	1618578827	1
118	1626631457	1626631457	1626631457	1626631457	1626631457	1626631457	1626631457	1
119	1634724150	1634724150	1634724150	1634724150	1634724150	1634724150	1634724150	1
120	1642816843	1642816843	1642816843	1642816843	1642816843	1642816843	1642816843	1
121	1650949599	1650949599	1650949599	1650949599	1650949599	1650949599	1650949599	1
122	1659122616	1659122616	1659122616	1659122616	1659122616	1659122616	1659122616	1
123	1667336094	1667336094	1667336094	1667336094	1667336094	1667336094	1667336094	1
124	1675590233	1675590233	1675590233	1675590233	1675590233	1675590233	1675590233	1
125	1683885234	1683885234	1683885234	1683885234	1683885234	1683885234	1683885234	1
126	1692221299	1692221299	1692221299	1692221299	1692221299	1692221299	1692221299	1
127	1700598632	1700598632	1700598632	1700598632	1700598632	1700598632	1700598632	1
128	1709017437	1709017437	1709017437	1709017437	1709017437	1709017437	1709017437	1
129	1717477919	1717477919	1717477919	1717477919	1717477919	1717477919	1717477919	1
130	1725938401	1725938401	1725938401	1725938401	1725938401	1725938401	1725938401	1
131	1734440560	1734440560	1734440560	1734440560	1734440560	1734440560	1734440560	1
132	1742984602	1742984602	1742984602	1742984602	1742984602	1742984602	1742984602	1
133	1751570733	1751570733	1751570733	1751570733	1751570733	1751570733	1751570733	1
134	1760199160	1760199160	1760199160	1760199160	1760199160	1760199160	1760199160	1
135	1768870091	1768870091	1768870091	1768870091	1768870091	1768870091	1768870091	1
136	1777583736	1777583736	1777583736	1777583736	1777583736	1777583736	1777583736	1
137	1786340306	1786340306	1786340306	1786340306	1786340306	1786340306	1786340306	1
138	1795140011	1795140011	1795140011	1795140011	1795140011	1795140011	1795140011	1
139	1803983065	1803983065	1803983065	1803983065	1803983065	1803983065	1803983065	1
140	1812826119	1812826119	1812826119	1812826119	1812826119	1812826119	1812826119	1
141	1821712521	1821712521	1821712521	1821712521	1821712521	1821712521	1821712521	1
142	1830642484	1830642484	1830642484	1830642484	1830642484	1830642484	1830642484	1
143	1839616221	1839616221	1839616221	1839616221	1839616221	1839616221	1839616221	1
144	1848633947	1848633947	1848633947	1848633947	1848633947	1848633947	1848633947	1
145	1857695878	1857695878	1857695878	1857695878	1857695878	1857695878	1857695878	1
146	1866802230	1866802230	1866802230	1866802230	1866802230	1866802230	1866802230	1
147	1875953221	1875953221	1875953221	1875953221	1875953221	1875953221	1875953221	1
148	1885149070	1885149070	1885149070	1885149070	1885149070	1885149070	1885149070	1
149	1894389996	1894389996	1894389996	1894389996	1894389996	1894389996	1894389996	1
150	1903630922	1903630922	1903630922	1903630922	1903630922	1903630922	1903630922	1
151	1912916926	1912916926	1912916926	1912916926	1912916926	1912916926	1912916926	1
152	1922248228	1922248228	1922248228	1922248228	1922248228	1922248228	1922248228	1
153	1931625048	1931625048	1931625048	1931625048	1931625048	1931625048	1931625048	1
154	1941047609	1941047609	1941047609	1941047609	1941047609	1941047609	1941047609	1
155	1950516133	1950516133	1950516133	1950516133	1950516133	1950516133	1950516133	1
156	1960030845	1960030845	1960030845	1960030845	1960030845	1960030845	1960030845	1
157	1969591971	1969591971	1969591971	1969591971	1969591971	1969591971	1969591971	1
158	1979199736	1979199736	1979199736	1979199736	1979199736	1979199736	1979199736	1
159	1988854368	1988854368	1988854368	1988854368	1988854368	1988854368	1988854368	1
160	1998509000	1998509000	1998509000	1998509000	1998509000	1998509000	1998509000	1
161	2008210500	2008210500	2008210500	2008210500	2008210500	2008210500	2008210500	1
162	2017959094	2017959094	2017959094	2017959094	2017959094	2017959094	2017959094	1
163	2027755011	2027755011	2027755011	2027755011	2027755011	2027755011	2027755011	1
164	2037598481	2037598481	2037598481	2037598481	2037598481	2037598481	2037598481	1
165	2047489735	2047489735	2047489735	2047489735	2047489735	2047489735	2047489735	1
166	2057429005	2057429005	2057429005	2057429005	2057429005	2057429005	2057429005	1
167	2067416524	2067416524	2067416524	2067416524	2067416524	2067416524	2067416524	1
168	2077452526	2077452526	2077452526	2077452526	2077452526	2077452526	2077452526	1
169	2087537247	2087537247	2087537247	2087537247	2087537247	2087537247	2087537247	1
170	2097621968	2097621968	2097621968	2097621968	2097621968	2097621968	2097621968	1
171	2107755407	2107755407	2107755407	2107755407	2107755407	2107755407	2107755407	1
172	2117937800	2117937800	2117937800	2117937800	2117937800	2117937800	2117937800	1
173	2128169383	2128169383	2128169383	2128169383	2128169383	2128169383	2128169383	1
174	2138450394	2138450394	2138450394	2138450394	2138450394	2138450394	2138450394	1
175	2148781072	2148781072	2148781072	2148781072	2148781072	2148781072	2148781072	1
176	2159161656	2159161656	2159161656	2159161656	2159161656	2159161656	2159161656	1
177	2169592388	2169592388	2169592388	2169592388	2169592388	2169592388	2169592388	1
178	2180073510	2180073510	2180073510	2180073510	2180073510	2180073510	2180073510	1
179	2190605266	2190605266	2190605266	2190605266	2190605266	2190605266	2190605266	1
180	2201137022	2201137022	2201137022	2201137022	2201137022	2201137022	2201137022	1
181	2211719411	2211719411	2211719411	2211719411	2211719411	2211719411	2211719411	1
182	2222352677	2222352677	2222352677	2222352677	2222352677	2222352677	2222352677	1
183	2233037064	2233037064	2233037064	2233037064	2233037064	2233037064	2233037064	1
184	2243772819	2243772819	2243772819	2243772819	2243772819	2243772819	2243772819	1
185	2254560188	2254560188	2254560188	2254560188	2254560188	2254560188	2254560188	1
186	2265399419	2265399419	2265399419	2265399419	2265399419	2265399419	2265399419	1
187	2276290762	2276290762	2276290762	2276290762	2276290762	2276290762	2276290762	1
188	2287234467	2287234467	2287234467	2287234467	2287234467	2287234467	2287234467	1
189	2298230786	2298230786	2298230786	2298230786	2298230786	2298230786	2298230786	1
190	2309227105	2309227105	2309227105	2309227105	2309227105	2309227105	2309227105	1
191	2320276038	2320276038	2320276038	2320276038	2320276038	2320276038	2320276038	1
192	2331377837	2331377837	2331377837	2331377837	2331377837	2331377837	2331377837	1
193	2342532754	2342532754	2342532754	2342532754	2342532754	2342532754	2342532754	1
194	2353741044	2353741044	2353741044	2353741044	2353741044	2353741044	2353741044	1
195	2365002962	2365002962	2365002962	2365002962	2365002962	2365002962	2365002962	1
196	2376318765	2376318765	2376318765	2376318765	2376318765	2376318765	2376318765	1
197	2387688711	2387688711	2387688711	2387688711	2387688711	2387688711	2387688711	1
198	2399113058	2399113058	2399113058	2399113058	2399113058	2399113058	2399113058	1
199	2410592067	2410592067	2410592067	2410592067	2410592067	2410592067	2410592067	1
200	2422071076	2422071076	2422071076	2422071076	2422071076	2422071076	2422071076	1
201	2433604747	2433604747	2433604747	2433604747	2433604747	2433604747	2433604747	1
202	2445193341	2445193341	2445193341	2445193341	2445193341	2445193341	2445193341	1
203	2456837118	2456837118	2456837118	2456837118	2456837118	2456837118	2456837118	1
204	2468536342	2468536342	2468536342	2468536342	2468536342	2468536342	2468536342	1
205	2480291276	2480291276	2480291276	2480291276	2480291276	2480291276	2480291276	1
206	2492102186	2492102186	2492102186	2492102186	2492102186	2492102186	2492102186	1
207	2503969339	2503969339	2503969339	2503969339	2503969339	2503969339	2503969339	1
208	2515893002	2515893002	2515893002	2515893002	2515893002	2515893002	2515893002	1
209	2527873444	2527873444	2527873444	2527873444	2527873444	2527873444	2527873444	1
210	2539853886	2539853886	2539853886	2539853886	2539853886	2539853886	2539853886	1
211	2551891108	2551891108	2551891108	2551891108	2551891108	2551891108	2551891108	1
212	2563985378	2563985378	2563985378	2563985378	2563985378	2563985378	2563985378	1
213	2576136967	2576136967	2576136967	2576136967	2576136967	2576136967	2576136967	1
214	2588346146	2588346146	2588346146	2588346146	2588346146	2588346146	2588346146	1
215	2600613189	2600613189	2600613189	2600613189	2600613189	2600613189	2600613189	1
216	2612938369	2612938369	2612938369	2612938369	2612938369	2612938369	2612938369	1
217	2625321963	2625321963	2625321963	2625321963	2625321963	2625321963	2625321963	1
218	2637764247	2637764247	2637764247	2637764247	2637764247	2637764247	2637764247	1
219	2650265499	2650265499	2650265499	2650265499	2650265499	2650265499	2650265499	1
220	2662766751	2662766751	2662766751	2662766751	2662766751	2662766751	2662766751	1
221	2675326971	2675326971	2675326971	2675326971	2675326971	2675326971	2675326971	1
222	2687946437	2687946437	2687946437	2687946437	2687946437	2687946437	2687946437	1
223	2700625429	2700625429	2700625429	2700625429	2700625429	2700625429	2700625429	1
224	2713364228	2713364228	2713364228	2713364228	2713364228	2713364228	2713364228	1
225	2726163115	2726163115	2726163115	2726163115	2726163115	2726163115	2726163115	1
226	2739022374	2739022374	2739022374	2739022374	2739022374	2739022374	2739022374	1
227	2751942290	2751942290	2751942290	2751942290	2751942290	2751942290	2751942290	1
228	2764923149	2764923149	2764923149	2764923149	2764923149	2764923149	2764923149	1
229	2777965239	2777965239	2777965239	2777965239	2777965239	2777965239	2777965239	1
230	2791007329	2791007329	2791007329	2791007329	2791007329	2791007329	2791007329	1
231	2804110649	2804110649	2804110649	2804110649	2804110649	2804110649	2804110649	1
232	2817275487	2817275487	2817275487	2817275487	2817275487	2817275487	2817275487	1
233	2830502132	2830502132	2830502132	2830502132	2830502132	2830502132	2830502132	1
234	2843790874	2843790874	2843790874	2843790874	2843790874	2843790874	2843790874	1
235	2857142004	2857142004	2857142004	2857142004	2857142004	2857142004	2857142004	1
236	2870555816	2870555816	2870555816	2870555816	2870555816	2870555816	2870555816	1
237	2884032603	2884032603	2884032603	2884032603	2884032603	2884032603	2884032603	1
238	2897572662	2897572662	2897572662	2897572662	2897572662	2897572662	2897572662	1
239	2911176289	2911176289	2911176289	2911176289	2911176289	2911176289	2911176289	1
240	2924779916	2924779916	2924779916	2924779916	2924779916	2924779916	2924779916	1
241	2938447111	2938447111	2938447111	2938447111	2938447111	2938447111	2938447111	1
242	2952178172	2952178172	2952178172	2952178172	2952178172	2952178172	2952178172	1
243	2965973397	2965973397	2965973397	2965973397	2965973397	2965973397	2965973397	1
244	2979833085	2979833085	2979833085	2979833085	2979833085	2979833085	2979833085	1
245	2993757538	2993757538	2993757538	2993757538	2993757538	2993757538	2993757538	1
246	3007747059	3007747059	3007747059	3007747059	3007747059	3007747059	3007747059	1
247	3021801951	3021801951	3021801951	3021801951	3021801951	3021801951	3021801951	1
248	3035922520	3035922520	3035922520	3035922520	3035922520	3035922520	3035922520	1
249	3050109073	3050109073	3050109073	3050109073	3050109073	3050109073	3050109073	1
250	3064295626	3064295626	3064295626	3064295626	3064295626	3064295626	3064295626	1
251	3078548163	3078548163	3078548163	3078548163	3078548163	3078548163	3078548163	1
252	3092866991	3092866991	3092866991	3092866991	3092866991	3092866991	3092866991	1
253	3107252418	3107252418	3107252418	3107252418	3107252418	3107252418	3107252418	1
254	3121704754	3121704754	3121704754	3121704754	3121704754	3121704754	3121704754	1
255	3136224310	3136224310	3136224310	3136224310	3136224310	3136224310	3136224310	1
256	3150811399	3150811399	3150811399	3150811399	3150811399	3150811399	3150811399	1
257	3165466335	3165466335	3165466335	3165466335	3165466335	3165466335	3165466335	1
258	3180189434	3180189434	3180189434	3180189434	3180189434	3180189434	3180189434	1
259	3194981012	3194981012	3194981012	3194981012	3194981012	3194981012	3194981012	1
260	3209772590	3209772590	3209772590	3209772590	3209772590	3209772590	3209772590	1
261	3224632648	3224632648	3224632648	3224632648	3224632648	3224632648	3224632648	1
262	3239561502	3239561502	3239561502	3239561502	3239561502	3239561502	3239561502	1
263	3254559471	3254559471	3254559471	3254559471	3254559471	3254559471	3254559471	1
264	3269626875	3269626875	3269626875	3269626875	3269626875	3269626875	3269626875	1
265	3284764036	3284764036	3284764036	3284764036	3284764036	3284764036	3284764036	1
266	3299971276	3299971276	3299971276	3299971276	3299971276	3299971276	3299971276	1
267	3315248920	3315248920	3315248920	3315248920	3315248920	3315248920	3315248920	1
268	3330597294	3330597294	3330597294	3330597294	3330597294	3330597294	3330597294	1
269	3346016725	3346016725	3346016725	3346016725	3346016725	3346016725	3346016725	1
270	3361436156	3361436156	3361436156	3361436156	3361436156	3361436156	3361436156	1
271	3376926645	3376926645	3376926645	3376926645	3376926645	3376926645	3376926645	1
272	3392488518	3392488518	3392488518	3392488518	3392488518	3392488518	3392488518	1
273	3408122105	3408122105	3408122105	3408122105	3408122105	3408122105	3408122105	1
274	3423827736	3423827736	3423827736	3423827736	3423827736	3423827736	3423827736	1
275	3439605744	3439605744	3439605744	3439605744	3439605744	3439605744	3439605744	1
276	3455456461	3455456461	3455456461	3455456461	3455456461	3455456461	3455456461	1
277	3471380223	3471380223	3471380223	3471380223	3471380223	3471380223	3471380223	1
278	3487377366	3487377366	3487377366	3487377366	3487377366	3487377366	3487377366	1
279	3503448229	3503448229	3503448229	3503448229	3503448229	3503448229	3503448229	1
280	3519519092	3519519092	3519519092	3519519092	3519519092	3519519092	3519519092	1
281	3535663674	3535663674	3535663674	3535663674	3535663674	3535663674	3535663674	1
282	3551882314	3551882314	3551882314	3551882314	3551882314	3551882314	3551882314	1
283	3568175352	3568175352	3568175352	3568175352	3568175352	3568175352	3568175352	1
284	3584543128	3584543128	3584543128	3584543128	3584543128	3584543128	3584543128	1
285	3600985986	3600985986	3600985986	3600985986	3600985986	3600985986	3600985986	1
286	3617504270	3617504270	3617504270	3617504270	3617504270	3617504270	3617504270	1
287	3634098326	3634098326	3634098326	3634098326	3634098326	3634098326	3634098326	1
288	3650768501	3650768501	3650768501	3650768501	3650768501	3650768501	3650768501	1
289	3667515145	3667515145	3667515145	3667515145	3667515145	3667515145	3667515145	1
290	3684261789	3684261789	3684261789	3684261789	3684261789	3684261789	3684261789	1
291	3701084902	3701084902	3701084902	3701084902	3701084902	3701084902	3701084902	1
292	3717984833	3717984833	3717984833	3717984833	3717984833	3717984833	3717984833	1
293	3734961932	3734961932	3734961932	3734961932	3734961932	3734961932	3734961932	1
294	3752016552	3752016552	3752016552	3752016552	3752016552	3752016552	3752016552	1
295	3769149047	3769149047	3769149047	3769149047	3769149047	3769149047	3769149047	1
296	3786359773	3786359773	3786359773	3786359773	3786359773	3786359773	3786359773	1
297	3803649087	3803649087	3803649087	3803649087	3803649087	3803649087	3803649087	1
298	3821017347	3821017347	3821017347	3821017347	3821017347	3821017347	3821017347	1
299	3838464914	3838464914	3838464914	3838464914	3838464914	3838464914	3838464914	1
300	3855912481	3855912481	3855912481	3855912481	3855912481	3855912481	3855912481	1
301	3873439355	3873439355	3873439355	3873439355	3873439355	3873439355	3873439355	1
302	3891045897	3891045897	3891045897	3891045897	3891045897	3891045897	3891045897	1
303	3908732469	3908732469	3908732469	3908732469	3908732469	3908732469	3908732469	1
304	3926499434	3926499434	3926499434	3926499434	3926499434	3926499434	3926499434	1
305	3944347158	3944347158	3944347158	3944347158	3944347158	3944347158	3944347158	1
306	3962276008	3962276008	3962276008	3962276008	3962276008	3962276008	3962276008	1
307	3980286353	3980286353	3980286353	3980286353	3980286353	3980286353	3980286353	1
308	3998378563	3998378563	3998378563	3998378563	3998378563	3998378563	3998378563	1
309	4016553011	4016553011	4016553011	4016553011	4016553011	4016553011	4016553011	1
310	4034727459	4034727459	4034727459	4034727459	4034727459	4034727459	4034727459	1
311	4052984144	4052984144	4052984144	4052984144	4052984144	4052984144	4052984144	1
312	4071323438	4071323438	4071323438	4071323438	4071323438	4071323438	4071323438	1
313	4089745716	4089745716	4089745716	4089745716	4089745716	4089745716	4089745716	1
314	4108251352	4108251352	4108251352	4108251352	4108251352	4108251352	4108251352	1
315	4126840724	4126840724	4126840724	4126840724	4126840724	4126840724	4126840724	1
316	4145514211	4145514211	4145514211	4145514211	4145514211	4145514211	4145514211	1
317	4164272193	4164272193	4164272193	4164272193	4164272193	4164272193	4164272193	1
318	4183115053	4183115053	4183115053	4183115053	4183115053	4183115053	4183115053	1
319	4202043175	4202043175	4202043175	4202043175	4202043175	4202043175	4202043175	1
320	4220971297	4220971297	4220971297	4220971297	4220971297	4220971297	4220971297	1
321	4239984681	4239984681	4239984681	4239984681	4239984681	4239984681	4239984681	1
322	4259083711	4259083711	4259083711	4259083711	4259083711	4259083711	4259083711	1
323	4278268772	4278268772	4278268772	4278268772	4278268772	4278268772	4278268772	1
324	2572956	2572956	2572956	2572956	2572956	2572956	2572956	1
325	2584545	2584545	2584545	2584545	2584545	2584545	2584545	1
326	2596187	2596187	2596187	2596187	2596187	2596187	2596187	1
327	2607881	2607881	2607881	2607881	2607881	2607881	2607881	1
328	2619628	2619628	2619628	2619628	2619628	2619628	2619628	1
329	2631428	2631428	2631428	2631428	2631428	2631428	2631428	1
330	2643228	2643228	2643228	2643228	2643228	2643228	2643228	1
331	2655081	2655081	2655081	2655081	2655081	2655081	2655081	1
332	2666987	2666987	2666987	2666987	2666987	2666987	2666987	1
333	2678946	2678946	2678946	2678946	2678946	2678946	2678946	1
334	2690959	2690959	2690959	2690959	2690959	2690959	2690959	1
335	2703026	2703026	2703026	2703026	2703026	2703026	2703026	1
336	2715147	2715147	2715147	2715147	2715147	2715147	2715147	1
337	2727322	2727322	2727322	2727322	2727322	2727322	2727322	1
338	2739552	2739552	2739552	2739552	2739552	2739552	2739552	1
339	2751836	2751836	2751836	2751836	2751836	2751836	2751836	1
340	2764120	2764120	2764120	2764120	2764120	2764120	2764120	1
341	2776459	2776459	2776459	2776459	2776459	2776459	2776459	1
342	2788853	2788853	2788853	2788853	2788853	2788853	2788853	1
343	2801303	2801303	2801303	2801303	2801303	2801303	2801303	1
344	2813808	2813808	2813808	2813808	2813808	2813808	2813808	1
345	2826369	2826369	2826369	2826369	2826369	2826369	2826369	1
346	2838986	2838986	2838986	2838986	2838986	2838986	2838986	1
347	2851660	2851660	2851660	2851660	2851660	2851660	2851660	1
348	2864390	2864390	2864390	2864390	2864390	2864390	2864390	1
349	2877177	2877177	2877177	2877177	2877177	2877177	2877177	1
350	2889964	2889964	2889964	2889964	2889964	2889964	2889964	1
351	2902808	2902808	2902808	2902808	2902808	2902808	2902808	1
352	2915709	2915709	2915709	2915709	2915709	2915709	2915709	1
353	2928667	2928667	2928667	2928667	2928667	2928667	2928667	1
354	2941683	2941683	2941683	2941683	2941683	2941683	2941683	1
355	2954757	2954757	2954757	2954757	2954757	2954757	2954757	1
356	2967889	2967889	2967889	2967889	2967889	2967889	2967889	1
357	2981079	2981079	2981079	2981079	2981079	2981079	2981079	1
358	2994328	2994328	2994328	2994328	2994328	2994328	2994328	1
359	3007636	3007636	3007636	3007636	3007636	3007636	3007636	1
360	3020944	3020944	3020944	3020944	3020944	3020944	3020944	1
361	3034311	3034311	3034311	3034311	3034311	3034311	3034311	1
362	3047737	3047737	3047737	3047737	3047737	3047737	3047737	1
363	3061222	3061222	3061222	3061222	3061222	3061222	3061222	1
364	3074767	3074767	3074767	3074767	3074767	3074767	3074767	1
365	3088372	3088372	3088372	3088372	3088372	3088372	3088372	1
366	3102037	3102037	3102037	3102037	3102037	3102037	3102037	1
367	3115762	3115762	3115762	3115762	3115762	3115762	3115762	1
368	3129548	3129548	3129548	3129548	3129548	3129548	3129548	1
369	3143395	3143395	3143395	3143395	3143395	3143395	3143395	1
370	3157242	3157242	3157242	3157242	3157242	3157242	3157242	1
371	3171150	3171150	3171150	3171150	3171150	3171150	3171150	1
372	3185119	3185119	3185119	3185119	3185119	3185119	3185119	1
373	3199150	3199150	3199150	3199150	3199150	3199150	3199150	1
374	3213243	3213243	3213243	3213243	3213243	3213243	3213243	1
375	3227398	3227398	3227398	3227398	3227398	3227398	3227398	1
376	3241615	3241615	3241615	3241615	3241615	3241615	3241615	1
377	3255895	3255895	3255895	3255895	3255895	3255895	3255895	1
378	3270238	3270238	3270238	3270238	3270238	3270238	3270238	1
379	3284644	3284644	3284644	3284644	3284644	3284644	3284644	1
380	3299050	3299050	3299050	3299050	3299050	3299050	3299050	1
381	3313519	3313519	3313519	3313519	3313519	3313519	3313519	1
382	3328051	3328051	3328051	3328051	3328051	3328051	3328051	1
383	3342647	3342647	3342647	3342647	3342647	3342647	3342647	1
384	3357307	3357307	3357307	3357307	3357307	3357307	3357307	1
385	3372032	3372032	3372032	3372032	3372032	3372032	3372032	1
386	3386821	3386821	3386821	3386821	3386821	3386821	3386821	1
387	3401675	3401675	3401675	3401675	3401675	3401675	3401675	1
388	3416594	3416594	3416594	3416594	3416594	3416594	3416594	1
389	3431579	3431579	3431579	3431579	3431579	3431579	3431579	1
390	3446564	3446564	3446564	3446564	3446564	3446564	3446564	1
391	3461614	3461614	3461614	3461614	3461614	3461614	3461614	1
392	3476730	3476730	3476730	3476730	3476730	3476730	3476730	1
393	3491912	3491912	3491912	3491912	3491912	3491912	3491912	1
394	3507160	3507160	3507160	3507160	3507160	3507160	3507160	1
395	3522475	3522475	3522475	3522475	3522475	3522475	3522475	1
396	3537856	3537856	3537856	3537856	3537856	3537856	3537856	1
397	3553305	3553305	3553305	3553305	3553305	3553305	3553305	1
398	3568821	3568821	3568821	3568821	3568821	3568821	3568821	1
399	3584405	3584405	3584405	3584405	3584405	3584405	3584405	1
400	3599989	3599989	3599989	3599989	3599989	3599989	3599989	1
