1000
724514
912116
342142
422198
126956
596494
615506
204074
770944
329740
288886
924578
500544
193612
721840
63572
896552
394770
405484
643590
633288
203228
107244
9490
329514
436202
879836
624268
783302
284492
731550
744974
482800
567078
138440
947560
874800
197440
184896
715746
139364
892992
40524
707866
906190
553838
389596
78522
191018
188764
675886
975744
779736
297380
759492
918458
648886
124330
960134
892438
344142
220660
899764
688614
945790
148124
357350
732466
872878
288386
743080
985562
9294
606130
966248
391778
785650
713964
162694
212472
447424
904360
856964
279258
677968
985832
292954
678902
102566
984404
148452
732262
276662
608906
37214
13476
194856
284034
315804
342626
744116
740548
431310
955740
539796
998192
184518
372442
917588
929426
534944
360970
19584
716910
461914
572810
942018
89310
32754
247470
34172
657830
431972
184020
92342
28092
437972
241502
753422
481744
199788
37270
876652
553492
95644
26444
450744
539030
202052
2174
470724
974136
182026
769600
495604
779264
349974
375696
717270
651118
711882
518188
94936
897896
880376
496352
877516
454492
440296
44302
835774
680280
45026
617962
489232
839640
457384
231898
520096
875466
933070
322006
325300
594880
698060
102800
858106
778240
836402
487310
649212
880602
696626
660256
423932
736950
118340
254190
85982
493102
645648
952576
715670
673398
890250
256872
654676
144768
680682
560224
99716
364010
109328
209460
158306
346166
612670
447242
416064
332580
829668
733968
879884
621202
617798
102578
31620
217496
178560
132632
820314
815216
32496
883406
290880
687648
601904
96926
450852
295086
636948
646178
755630
891778
294176
894620
286708
103280
412692
553462
366914
443678
507222
71720
491858
668606
632052
933950
71222
651366
175536
271186
337360
818276
955562
442420
517150
485098
741496
567726
234952
41196
97030
746446
284530
721500
322370
89758
939488
742996
674078
367770
721986
88
757694
50560
216430
312540
51876
508168
764464
941694
747826
207650
7924
18384
975886
553828
792762
4248
350006
644896
188206
757042
35046
798148
453422
581766
556440
928070
213396
51382
17172
539714
445070
694210
983824
381824
702688
343412
463306
169538
820404
96140
191332
309672
555042
405582
138392
783810
889644
183104
819640
210358
891502
347584
719186
28708
524108
525436
334788
877408
452500
748218
246582
588384
183296
397586
801230
330050
799336
123884
125674
576960
850850
296384
501822
978768
944014
276380
630732
277270
428946
735772
495698
355902
696376
981018
882870
726846
194428
83208
816138
588698
266364
941968
245190
754888
621920
285496
551432
660636
41234
811946
857012
953706
562380
195090
602610
95408
898176
498440
100322
144194
403574
804064
149338
529628
693918
245824
485928
873902
24256
459252
446548
688414
284528
53034
50504
128008
731700
61188
37606
564072
580000
112352
726166
139644
807222
389400
991998
751536
320690
987752
126066
607842
880796
526960
922874
535278
648946
684648
189250
538854
215768
373260
720872
814952
75834
609232
329480
275036
930710
781090
331404
961508
620616
390306
59030
100430
737926
471742
110580
472552
781940
197438
461318
960310
32540
398520
501258
78968
638694
355460
455006
728796
99604
290886
397740
158340
171808
83478
411704
381558
812608
591390
501026
988722
962370
341642
147586
499094
609342
868560
263178
764896
214362
187598
486640
772032
364730
546570
746744
880404
502182
630186
542972
984158
254506
532342
520062
880376
126588
475132
603876
290924
877476
132580
228772
442352
765712
100880
506472
154028
946906
32746
672934
26620
649318
868622
632424
843898
842624
730166
26250
520140
31126
396104
429864
837804
891036
156278
331816
494694
600454
317342
861094
15402
385078
410592
935076
624342
608898
864122
78102
834976
266962
482144
845544
5956
908162
273742
112466
310106
159588
499922
289464
540164
93288
791512
968996
49048
404088
47664
781164
562850
693352
230636
795766
769916
892158
731732
218988
866626
550192
315044
530196
310614
354684
411744
350712
419886
625760
321924
82142
413958
930362
995570
349918
814922
955200
44718
305248
12646
95528
464278
902124
379356
415656
353956
992216
846362
968700
374986
312814
730706
259346
898984
312796
42680
26224
168154
802116
232452
276666
846218
908324
833634
187552
54030
298790
692708
707040
52844
950654
864024
336982
126488
320954
218522
729494
153188
845682
31482
926296
912822
265936
156834
878966
759598
113774
950844
215430
947372
192484
889892
896034
463658
941680
57522
529262
579952
245130
187324
673928
394762
42726
423770
382352
865268
279212
269784
254854
136712
285674
653940
924380
31686
196408
839768
11380
983634
314090
460686
739462
367010
904428
45310
113032
919904
46034
957966
810020
730636
999258
922770
13514
799002
935048
460432
487254
837676
93230
163288
853174
268440
99678
585982
798690
948294
349670
995476
229944
174780
198084
762014
350532
200742
198384
740102
627300
552938
907314
991434
960308
932804
133358
625898
226468
699142
965696
883444
831300
978568
948816
890320
718032
397236
38290
252690
18334
712806
509024
354434
412574
188194
699406
156278
407852
614860
989020
158792
719766
781864
549890
852112
538542
993260
165182
386216
136138
302336
982808
1888
961676
247164
310280
578066
850154
120808
215742
957596
49156
555612
629190
122886
833488
166504
265312
852542
613776
291310
497318
932488
802186
565030
109704
230558
580050
317774
265936
657626
184454
205814
556758
742890
730142
671214
131540
203246
877996
54214
929190
925584
975642
564050
871826
454618
954558
32680
498814
589436
358206
648566
114570
266380
161980
46544
965636
235412
750622
96206
57690
48978
17630
972244
221700
288752
359920
213238
784342
956916
836078
125380
616314
946020
685962
334622
903174
370716
953862
317954
368024
172182
466344
640816
402804
880786
22054
890958
603974
860424
57306
558392
34020
134606
297476
837580
393940
965980
242000
687274
34634
801336
650614
959062
52996
9034
799950
916492
576102
236772
62032
605562
88614
222470
402074
625948
510524
359516
525590
686192
256110
505568
921434
260592
235760
558646
789422
447300
186888
726162
708356
116222
873802
937104
476948
513536
418936
766994
442582
682040
395540
121012
895730
782730
443440
73996
80294
311208
919824
251722
406490
665544
556398
378582
271998
860596
127012
900506
935188
317472
461908
187558
860044
959240
8864
319022
852010
403384
867056
485184
443388
420750
217460
671124
985880
195414
401518
811770
809514
830930
212888
882968
786562
353138
240760
110392
70316
78206
612404
582062
755190
682936
55718
688620
392128
235572
237436
335626
129938
109712
774408
873892
77702
274376
56408
876056
708056
138584
954224
506960
98616
272518
32326
877110
396104
267910
542184
875216
558794
270356
235040
86726
845872
424948
386226
14072
794430
388744
988616
735608
999822
596586
717946
164254
836752
317532
960270
431158
112694
166720
102802
716778
415572
334476
63458
654418
118192
891112
942620
297490
403832
668484
218562
578620
669120
358580
346286
654090
