272
337142
590862
675952
279380
477120
169256
899254
393762
398040
668848
401104
619056
264884
243598
545844
227956
994888
908944
79226
539516
9092
830314
201982
121390
626448
758620
633416
822734
110838
791450
429736
480780
493336
998912
650824
793608
602426
578620
725142
218778
20070
684962
494198
594024
449024
208230
226772
7426
599174
322312
761502
565024
478916
623090
991348
964178
206348
969814
938288
394780
940018
963902
250348
155998
930114
936844
734648
828808
49210
592374
465106
42232
819606
751548
688590
567140
518534
171654
23974
60994
160962
184774
100806
618346
177854
224396
721764
594014
605802
978788
836846
643732
650058
975372
407938
744066
938772
647326
132948
667976
619572
104182
433502
187674
411804
423566
213552
946198
81404
162888
367508
528158
237362
43078
38818
506916
918406
21974
57458
267072
220504
285424
13806
202228
959744
220798
296730
424772
416552
836646
83100
129966
405172
381416
315708
865678
942982
394952
622544
261234
58402
640130
53214
997786
144486
604486
650856
386246
118412
219424
311338
402072
961648
495172
916212
986372
195050
180942
562138
409750
12086
517238
627190
970588
134194
839034
644266
197286
695120
378630
626792
299458
196158
446750
119138
760240
303702
723390
779546
444170
178936
176052
89236
79270
715396
525778
78526
933008
679798
170798
377052
16732
943352
819494
515992
686196
170654
605786
26198
64224
684724
630392
488902
372976
634452
229668
906002
929480
882944
498748
179998
502508
891432
649078
95900
800790
602808
330350
526088
42476
651316
269904
832554
760194
724350
654728
956676
647376
739276
643262
850918
465530
906338
307950
584820
120882
941336
617762
507868
745736
361016
369660
24948
929394
689478
83286
930650
351498
771900
750498
363332
713804
89622
528422
175120
339744
617130
604176
127378
364016
554422
149850
234332
948878
775994
413294
266178
711132
95174
41378
491702
603500
