1000
395390
920602
402218
421150
248024
367450
98854
185332
995580
603458
726268
370424
823506
758864
84270
625590
132044
128172
989240
590472
515786
998096
915302
702982
886324
611880
334292
665860
687140
692102
905420
557236
658848
140862
489396
324964
12482
867930
579056
828690
231522
918904
422866
865882
844840
347138
94140
656078
385504
861736
539716
558962
127462
747588
707536
71258
990094
483610
123666
687088
221232
751416
395252
237012
99900
55934
452770
562328
93982
541824
724892
172806
564468
119250
3584
443170
82178
875378
504288
893282
985918
999180
390248
716776
315358
127798
373838
778294
231754
436888
421470
832944
395710
87150
966510
710222
121792
574932
523708
911070
357752
936628
718834
840354
467078
177270
654840
539898
607194
515042
915210
760810
920562
98686
903510
247484
227672
573004
619224
442086
196008
93838
358126
29676
29440
262832
26878
804518
238254
514122
114298
456136
137310
764820
37672
402670
608372
626350
844814
530554
216970
829708
157588
833300
11344
439834
504310
892692
698394
702702
550784
327890
408150
915266
293618
158702
87952
670054
370
92244
852204
86986
417702
210378
427624
616730
916774
615960
857262
883546
509750
729376
474836
936560
274774
710736
365398
587640
90478
753496
359026
576580
372572
331398
11064
472398
487762
794016
572834
152214
429920
855578
396778
169610
592806
172026
867298
835240
261936
593644
6202
980680
684850
712288
454856
541218
568304
746626
841934
22538
785994
923192
757752
721266
50002
323244
912754
301394
894922
557308
656642
898914
240104
900290
874666
396608
498362
987698
597292
656800
34408
83414
476888
840858
230014
294852
595038
806052
225632
701866
152534
13218
610998
585528
337134
734266
759550
525728
705070
211410
227502
594682
666852
767486
763798
811696
374106
930818
298550
455808
459630
58072
958760
431462
322306
6478
103828
667168
352960
642186
714542
238052
79636
489466
683578
900180
277770
92268
510112
949366
879986
363124
671328
923084
561110
590836
531208
965382
566840
488772
528072
121404
702228
898322
776232
386430
928150
540966
524360
836578
269288
775822
135614
112214
22602
557160
459466
478464
539208
193450
254358
589154
58688
72016
137488
79878
326540
916680
673414
504372
234342
997992
977308
430210
421780
986210
559000
278958
302374
471926
808810
751994
575526
250570
901600
235328
686070
549002
432582
983564
450216
522304
603806
711104
648900
978148
462798
235088
613488
63976
457254
417534
682788
341330
609614
101640
771040
296488
434810
732504
199750
516972
641098
163906
167468
609456
499810
884346
207486
351692
270700
784668
148188
436492
910894
738504
127502
872986
451294
377352
708300
783526
233902
92678
616664
203772
36254
182972
532886
693660
226872
168150
728748
160120
811786
93752
261040
694760
478460
970730
167970
233810
815928
749274
363030
711414
981466
367928
338038
812436
957696
120184
499290
115914
92062
506138
394200
800440
601870
166944
976300
828554
588078
8936
286902
652388
992276
578412
889708
743952
676378
808086
314644
753208
857504
80654
380650
257758
102474
887584
945264
987150
596340
780840
66862
836190
526246
408296
851224
412638
210098
235802
450238
250152
406318
498376
942308
961556
147754
612206
193932
208056
134158
996164
850490
122952
748666
254522
895532
944848
899312
963370
315078
434598
801648
622612
92950
595612
763388
670166
473884
30386
782492
725562
842602
354420
751710
590858
747596
640114
697398
391646
725866
306958
329198
231356
180354
523474
252822
378814
83656
211512
657252
462056
830174
915670
632698
785384
559800
773416
826618
223470
780056
236208
990650
974604
89446
757298
800176
294654
331148
175924
948834
809048
303248
965374
937982
253448
522460
985062
593582
474732
772594
551340
818150
86372
198818
631856
827236
299924
122224
564466
711168
484284
193788
322844
188910
347956
755818
833980
946068
727966
367100
860626
564268
541454
242228
686550
890326
76872
435910
811858
383824
519648
493012
895450
335648
717174
754824
97598
29382
459842
448844
314938
196026
923084
896204
14078
537818
600452
773924
459414
15572
512430
879504
183180
698764
707946
565870
309820
305510
54558
660478
870434
747850
39322
179996
365384
279876
241594
19956
525122
514580
996732
869978
423708
91392
80978
212532
332070
553872
753638
180950
60586
584052
289480
854138
927140
49248
665400
114922
846830
86992
96370
892918
837748
274900
114796
806114
846762
752284
993534
68562
152206
924858
10188
108306
548674
262086
831180
56978
168300
216956
475106
611794
547924
827912
394172
659906
595820
980604
513634
345936
220994
886420
395802
650474
103024
409818
162610
885238
683540
300618
999910
648
457050
150764
109438
977492
293796
181954
140782
9200
184742
10164
899608
276466
857412
470514
852908
635248
764208
284352
574256
581482
653336
523584
485486
115512
696766
949666
519774
989618
29026
235430
962632
913856
579186
325560
278338
749222
829004
967568
992412
78870
118538
930674
343974
976476
539170
161022
923218
205078
926778
905368
884820
37380
560098
312114
236456
707698
531382
32422
765376
264446
921060
317144
854406
109136
568738
885012
776348
873028
13078
49968
575522
449454
777134
173578
959336
504402
177994
628186
756246
22922
454190
927154
873872
184356
494992
34080
624854
612890
716502
381042
810730
480174
583166
73788
24124
43096
813426
107300
409996
936050
553744
105724
487474
758602
152608
77936
187422
612320
530960
715948
803978
465888
779932
573718
268710
682532
849440
980798
525642
696988
841462
840788
395644
857812
276030
638628
986434
901174
406154
116280
10820
139612
953386
472264
933886
490102
346952
677208
240986
143098
230152
705912
746420
248084
853692
323204
936492
424892
85878
623132
900368
510512
673462
578248
90932
540710
678150
7366
182002
286390
441398
336402
156074
257042
740070
551718
980532
347308
244236
172180
63906
45514
67648
726382
846876
559176
571378
427942
436586
248518
913012
985254
261068
568582
316784
901700
430322
779186
909008
60502
19390
287888
88648
225566
100564
189950
978074
233094
223204
592446
494722
495002
868954
406026
444170
376288
678456
358456
295392
777052
883192
546358
276158
742158
159814
703776
270898
225902
694774
469662
160064
571180
418690
937290
911296
371306
376754
950602
551146
185136
727144
188438
431976
81180
329552
311474
978148
879718
969630
222840
417604
266458
598872
303806
612972
110474
276114
278808
931666
524814
160554
429856
400720
731880
68714
502150
827094
564478
890574
219212
550102
883788
41580
579010
408876
585594
673764
728464
958104
442242
438756
587148
37082
169494
883042
402968
494628
521210
42462
407556
572292
517908
774914
536384
468408
131492
68714
247736
850658
842608
198392
594422
704096
713302
775774
134408
510178
954432
526362
827266
493004
961796
493152
700896
650618
781760
145832
645376
146082
207572
194694
960688
407130
560856
600684
846128
696858
740288
921466
450352
949964
3452
447474
262762
271188
584836
778534
595606
911182
904238
94872
352922
262748
22520
977636
