159
746678
968088
474742
447976
171542
953958
561762
804122
335524
971126
519394
68912
198304
603224
808006
812014
400916
442954
495336
412906
470418
236000
680540
366138
316322
486594
978882
633034
334208
595198
504520
809704
176526
458710
467796
570430
232914
318168
537956
168208
630792
541064
915010
9756
767188
619894
157144
29792
359120
964046
89606
469630
319320
797546
161220
440320
523950
485688
741422
34610
456182
150312
155308
833226
723410
991602
247306
987780
876522
347644
108610
662386
20958
612762
733202
298614
930080
184818
362246
686830
970458
155910
548530
463680
764714
70808
977244
420322
474550
78190
47072
360056
874092
938224
200718
682196
379156
982650
506764
99972
669094
714874
563830
2012
502404
79188
817848
727948
299662
2146
830490
330202
856416
670310
838610
620964
956038
645770
889790
94204
467976
78838
297758
174766
504064
225256
437858
299542
189794
282308
804534
430768
386870
706350
162980
207460
345714
675382
383980
542970
822824
303448
693864
856976
663484
806998
756120
492150
155982
776470
175292
955674
322188
26182
194560
581250
57998
501796
730658
