1000
540346
293818
450210
430896
139754
383702
684840
149702
496826
726386
240792
481138
827360
774334
977680
34704
896120
780084
241018
995834
688748
832108
241714
756946
75260
692820
349400
520444
102900
707868
775214
619756
368116
596850
25876
633500
741164
243738
42322
709212
9052
495072
402564
705798
981990
522702
837332
989762
587560
909438
529644
89296
646722
413692
585208
670484
287116
709992
746762
337198
182994
431116
993216
945496
343056
73350
362006
771292
491110
279156
668682
555488
861080
810478
440336
539562
833118
20202
393212
434910
669282
233604
654076
756316
56890
913742
475966
242362
788120
724582
811294
248662
347326
872664
179742
332752
1928
884764
459994
836130
768408
648246
235560
135120
623918
713558
31556
86582
859238
170126
265646
568846
625400
849914
178456
621688
673676
427936
242360
77004
762396
562770
993726
969254
610478
829300
512560
475838
524076
420838
564422
495514
899936
320006
782256
654858
646750
510550
802692
597160
252562
129966
365540
871290
38930
911760
707122
250844
373928
105118
996350
551852
964352
212084
397018
844810
732472
827286
479578
85168
505904
511384
354078
154226
137096
492534
78108
406806
808972
583526
729492
69862
681500
114372
83466
826386
310078
544184
164840
61564
379196
262752
987970
951792
846632
491990
866950
213340
936758
511712
695622
776762
238564
868096
665530
18020
473410
819328
431866
703130
365226
628822
654798
726702
550384
249924
310886
516924
812678
882756
302918
63472
811934
581354
812
376796
260034
639786
833592
699204
399936
543026
726282
895400
388022
355754
678032
932508
673872
514474
907732
369372
221616
560062
624676
237538
421984
280646
612032
844188
750512
841580
37270
369404
827842
882288
907494
202772
281860
825956
488628
143752
245404
901378
669402
175032
104244
257084
539892
494868
561840
103268
269788
548368
900738
135008
832112
892198
349102
487290
911784
540522
662628
467938
347986
838618
7932
441504
237364
622222
539948
185132
261154
796770
845352
340186
148416
772646
559952
332530
935162
107210
674312
359780
391392
366496
966204
405102
484836
723100
441298
390960
559490
332574
503150
457954
500046
512134
406740
339378
886730
172906
937842
257612
228282
528190
146414
960736
540356
512978
821710
947896
912612
573192
419794
338484
778122
533414
281770
946028
343842
454390
372540
625932
972608
378662
203868
803952
982144
557002
901066
120080
74668
473440
879202
636046
431068
874204
215182
580060
599146
364662
976372
259412
109236
428888
826922
696650
807048
788054
469324
922990
607232
526002
32424
430004
844718
998594
173776
559870
561876
755386
658858
672704
242960
346768
998484
543048
27822
582732
27862
692988
280894
871028
215930
384610
376256
391046
778920
275630
387882
575566
247540
756036
958610
758974
980556
71910
292980
288532
549042
368602
239800
132712
269180
834070
201140
444294
900570
80284
398520
795652
415714
698474
487970
762696
489416
22112
843378
292346
262370
221402
89236
86868
415846
118734
500
701212
982508
470874
515574
429506
543410
242244
126320
537200
883004
503068
494722
351426
165156
609796
826096
986044
319614
12172
756040
620374
156738
366304
630674
974344
424262
563026
770572
914000
380346
92994
928332
557950
755338
596438
321108
466332
232864
377192
294898
747030
651988
978320
715790
108596
951570
739612
455924
224922
744736
803094
140250
289996
889766
624890
852938
389230
790142
668446
534662
528288
941568
92518
279812
528612
314542
451672
897296
623422
866348
603216
964214
970588
947722
21772
566290
213680
151096
596818
239426
854472
871966
387868
683852
348936
495790
616890
411254
894972
928184
948174
933064
250956
193872
391270
831296
320346
385360
469194
938778
753656
751886
860706
137330
928686
482656
958410
813450
235456
650656
622840
824702
53514
738088
998446
110036
948296
558488
250618
799774
264130
922114
129382
441986
13954
238534
277844
381208
78874
260188
410722
152194
65244
879144
399318
509722
145390
773054
519838
396530
758446
829056
253812
909434
788052
247432
360082
348052
636004
102814
857334
14232
332972
302882
936680
383858
42710
785908
624494
229824
875386
253244
479684
627914
265704
432346
147296
386422
689512
888144
151716
312272
156286
334940
733436
533176
770934
926414
79742
989236
693618
783572
515388
891348
454062
252912
163872
145806
419204
418386
285020
453000
91748
157744
371198
248096
635326
816528
839066
580166
703874
408992
335428
629098
273478
730990
768334
84952
474202
74594
705756
950756
527862
148000
732578
238260
694286
300278
234954
721188
468742
875332
163538
42240
730962
690038
418282
983744
594970
960960
61616
703814
84856
340454
381098
694434
284394
583232
714178
728616
67512
52354
894448
725986
256474
685060
852692
497142
215304
873124
793906
503134
31374
853496
683478
609768
940142
349210
327446
45654
510464
186158
247506
699872
401012
204020
431544
824004
216178
438562
996294
18566
197174
407888
790920
345746
817500
319046
590812
424780
700090
933850
998658
657696
170972
300994
891316
317790
712802
387318
137866
287778
238080
878910
634228
130240
582236
992214
925796
358786
693362
775318
826910
638524
827614
644320
802134
586450
85498
378932
356190
585906
63414
826538
489344
840106
329712
769524
417266
693702
378616
699646
312040
376068
869420
366586
556062
779124
781396
953156
602066
626730
75050
610378
871294
15680
956290
763920
849506
846704
642334
524362
661166
316344
407042
407266
61676
449832
703348
744150
433688
475016
65318
685258
634842
896186
261822
943402
191340
746294
628856
694146
952248
171292
833056
440892
107656
492080
291206
910676
821372
385760
557808
440798
68416
747632
199152
337152
501038
748656
263292
541102
18966
880708
50982
736770
622316
529526
255668
402230
218634
243700
310342
888068
779418
839808
931158
645674
396376
101918
418380
255264
687442
435730
282428
643022
909622
881128
353174
98296
654312
753550
893226
153090
477014
351644
862320
139246
520060
620510
933544
589962
150116
27082
312364
384140
309632
62008
897550
427588
541492
940602
677962
846544
281886
987020
200824
665038
851840
922
498150
468544
10094
862006
142638
32150
889582
44614
575494
680398
709438
775462
751654
593098
671648
793488
207100
67274
634518
15210
601476
396254
615858
381394
928260
895298
329202
507606
400308
504596
959490
98242
418532
796306
755412
156548
340888
98630
241484
897920
714608
131544
61044
916538
789436
525756
321058
863788
948136
88780
567854
727824
462870
343538
414374
242210
183544
509946
332346
791134
205284
825040
799398
435440
854744
112072
605514
367436
45722
8820
337548
521798
534008
755360
225672
473120
610240
818468
130094
407242
483154
169224
485338
380538
971852
145608
317208
38488
351548
83718
852122
197022
431744
36478
337026
164904
947716
450718
831548
514500
886394
768214
842896
196868
44530
377600
501742
901522
763350
465192
852838
609456
234148
577820
301462
622550
539542
104930
482018
326212
489926
628038
316074
611508
323810
359886
456874
767732
401494
39092
463886
335430
231232
