266
519616
750076
809030
741568
816664
501404
299266
319522
544574
510050
7424
402044
663008
669656
969518
193540
124366
44632
158438
202068
121472
525520
645890
540118
578288
433112
821062
263358
416540
273632
570170
145960
738324
553544
899266
594146
597572
868540
559224
365894
587632
22490
402684
26366
89144
913016
93878
503970
809242
459478
696756
896582
161212
202200
434744
534604
700810
452604
293448
651306
45212
418344
57592
485712
26580
311400
886776
257048
505598
29076
955564
656894
989168
125744
349086
991114
205652
434158
138540
202828
131424
817992
395052
419506
41262
742628
470318
524576
251592
719066
145326
635676
619712
689640
425200
647716
502164
761696
139984
295554
927930
922678
196406
34504
45374
764480
127836
690320
721570
776690
441956
416258
845970
615398
360692
832020
315602
883108
540948
55894
447636
630238
722824
385250
77488
514566
634540
611474
668392
592038
982896
198320
396294
732770
461410
165288
587698
8434
341218
329656
69502
34526
329068
818860
860848
447566
90848
358118
838396
590218
526248
937976
949356
542196
30208
349618
2534
175664
899922
753770
947366
386852
339646
391238
738932
697976
596430
951170
738814
98060
720632
122418
274934
364234
775738
223458
925200
716686
612070
777420
722824
925634
719960
988004
576320
273594
704884
538458
228226
611928
594016
658282
247560
19514
23106
970558
348144
152866
724130
821214
953746
973590
991088
789344
281438
214830
334970
817068
480210
249254
425872
871540
588196
111396
545678
882318
797058
77150
628838
46944
534162
840230
442312
675146
802842
159256
907352
614540
383428
427658
846440
912750
167754
85198
413894
222426
571540
814942
47132
105824
900184
276406
250904
872474
345560
301224
803208
423678
792274
985538
707678
694090
994224
702582
429986
105796
982550
588
1476
551678
94386
595898
684538
46280
789376
683370
