257
666128
773678
4562
882484
872118
874020
807536
753056
647836
544710
695254
852890
94600
298310
430650
969006
728816
41898
592634
728828
335494
301454
530570
904306
942546
138272
113022
897924
771236
687518
913450
495974
886186
730880
703410
880418
149954
252090
385030
313006
833118
614888
711924
375580
470170
433188
689972
144016
425272
141792
610782
789750
497988
551296
212512
694826
984022
422740
212062
936838
825254
784612
446760
572892
417418
61520
224188
654354
86100
428164
241066
552324
903016
76712
82690
856150
316474
644370
565592
438866
430690
974870
739064
663096
248758
918860
244130
864006
733792
825044
720482
640100
734476
825470
909544
212506
528522
613222
259132
528204
812504
106746
418442
825406
696514
563608
214622
503068
966202
637814
911002
18772
556362
917054
808388
175722
789956
305362
415496
641510
800200
730150
613728
407130
595794
917644
480092
98798
770794
325440
184128
415436
215532
102382
293364
957518
540154
539712
243946
686092
841034
764370
859988
349068
301028
621600
733940
417996
411478
55722
443974
270072
540026
706048
580428
143032
734298
860522
107804
239684
334206
818760
551126
344738
568832
722548
119356
521282
891608
747796
73100
519184
407202
279786
337854
391174
492530
511354
957182
791708
370822
976930
408334
461288
770736
310344
526946
929084
74000
901092
661060
450204
541816
57616
419416
702158
529388
843236
179392
880012
315262
746878
738712
372296
96164
672800
952548
783620
391350
150698
414756
549254
684282
287678
452840
603014
497326
137562
177320
168604
556280
292212
542866
558298
698804
161808
623348
873902
955548
497548
792026
19436
813398
344978
532716
74586
628368
450542
60996
229194
715204
931192
280134
143492
32372
219296
667824
442316
146668
149982
831996
44740
774214
905484
822864
83570
807920
