100
774646
944352
767964
766702
217788
239984
229678
154458
483872
569852
822620
901454
210140
853864
789340
428842
502800
587508
294200
626232
120852
567742
507378
487570
788426
567146
913090
366190
923488
854452
226454
472514
427340
498458
131448
470068
884102
240534
395712
760626
417050
785420
238514
48572
92470
393282
666304
108200
855132
251882
905190
649284
591112
540868
384732
392124
993576
788524
887696
769868
496534
96502
855096
226696
43710
911000
414760
265734
40594
362570
280814
5664
752190
229056
218568
139956
582288
224308
909246
270072
444610
532148
267086
697792
700106
821426
825132
999526
939822
175942
189028
448210
514598
880230
824774
421482
974154
288990
635708
350240
