499027 499277
315179 315257
174613 174893
342203 342233
140191 140197
483643 483829
110543 110567
316783 316847
468137 468137
313679 313717
196379 196387
225751 225769
82559 82913
11777 11783
437287 437321
106877 107057
68777 68909
234541 234587
199741 199741
455443 455599
138071 138077
345431 345551
7867 7927
483347 483443
365357 365377
55313 55439
344797 345307
131249 131447
142211 142211
455011 455093
273901 273919
37379 37549
159199 159463
256189 256189
52967 53003
96337 96431
338893 338927
160969 161167
34351 34429
300301 300367
408677 408763
390211 390373
337313 337607
6277 6277
