362233 362281
456007 456109
170843 171299
210967 211231
63463 63493
298247 298247
307633 307873
102031 102043
385127 385817
164447 165293
144407 144479
462271 462307
250043 250501
96461 97151
360863 360977
31723 31849
448249 448303
197381 197389
202733 202751
321757 321833
316571 316717
101527 101701
53611 53633
4703 4787
164743 164771
217969 218233
439867 439969
312107 312161
391441 391861
142123 142369
365759 365791
372451 372523
241337 241463
283447 283631
69193 69247
473633 473927
437387 437413
98711 98729
92269 92627
357779 357967
69313 70051
446389 446603
20201 20323
353819 354047
453053 453137
276919 276919
194729 194867
39229 39293
95479 95539
94343 94421
337859 338027
487811 487933
389839 389897
148669 148711
379681 379811
459229 459229
324437 324449
62141 62189
480043 480091
446129 446309
172049 172093
110321 110339
449693 450071
344293 344321
472883 472907
74047 74077
178597 178753
366227 366239
436439 436439
144163 144223
371453 371627
492781 492781
4643 4651
303011 303119
482767 483481
195787 195991
392723 392927
356933 357031
81293 81401
106181 106291
223667 223757
452159 452201
428401 428563
139597 139661
338579 339389
492853 492979
146477 146477
339289 339613
51283 51283
492007 492397
74159 74293
365969 366293
138289 138373
304429 304477
18553 18661
6673 6803
97397 97459
141937 142097
157897 157907
171043 171583
372049 372067
370121 370427
215617 215693
477767 477973
269723 270073
499063 499129
92221 92297
186023 186419
458791 458797
464617 464809
267451 267493
180473 180497
9781 9803
358427 358483
230873 231041
286333 286477
470957 471061
44623 44687
16333 16421
123733 123737
16981 17191
328849 328981
215653 216319
91969 92051
46171 46171
14011 14081
218971 219001
120739 120763
376603 376819
240707 241037
99881 99907
18539 18731
438233 438419
276671 276821
47807 47837
13177 13267
225371 225373
269413 269617
100693 101359
1087 1087
235241 235483
487057 487079
90947 91079
384779 384821
247691 247913
389167 390097
174907 175067
187787 187909
358601 358669
325487 325631
355913 355969
259019 259169
47297 47639
448927 448969
440047 440329
247879 248473
438533 438983
227189 227303
219767 220529
22109 22193
417821 417953
340111 340169
22483 22543
308951 309011
244529 244703
419711 419929
228677 228707
115757 116141
259907 260189
437629 437837
466517 466553
160997 161009
162629 162671
297377 297503
348889 349171
51361 51439
428777 429329
389099 389141
418129 418273
243421 243889
324593 324619
440269 440333
348259 348367
330053 330203
211801 212131
368443 368507
59119 59221
127051 127139
42979 43003
246371 246731
322771 322877
475997 476579
357787 357883
336671 336727
445021 445229
128411 128461
327203 327473
72337 72431
340201 340481
280103 280121
49789 49927
181981 182029
54601 54727
104717 104743
79153 79153
172807 173359
306263 306407
223621 223621
207997 208067
166151 166429
414779 414889
366967 367001
439903 439981
310559 310643
308899 308899
51229 51349
15803 15817
108727 108769
89231 89329
66271 66361
410143 410171
407509 407707
16229 16267
441703 441703
145417 145463
343817 343831
300931 300973
48463 48463
225373 225479
147503 147583
318347 318601
323077 323101
377779 377851
445847 445931
146893 147283
447211 447409
143141 143567
51607 51673
206341 206351
276629 276833
183343 183571
221737 221941
253609 253613
35851 35869
245881 245977
334183 334423
315899 316153
466579 467371
35491 35731
325673 325693
87743 87793
135593 135593
168629 168731
409099 409177
477739 477823
221201 221219
258569 258581
242309 242789
370613 370883
283817 283909
117413 117539
20533 20663
48497 48533
372833 373613
142211 142319
360649 360851
161149 161221
44879 44879
469687 469801
371447 371549
337039 337039
183797 183973
360973 361013
41 47
378793 378901
25253 25307
107927 108503
156119 156421
25933 25943
254027 254141
382073 382391
470831 470863
373757 374069
103813 103837
3923 4001
9181 9203
487943 487943
276821 277007
396349 396413
2111 2137
175003 175003
322433 322463
93827 94379
378509 378533
17477 17569
398921 399227
226669 226753
290869 290897
278207 278233
463873 464197
106693 106703
25679 25703
8573 8599
269791 269923
222247 222823
347069 347141
491873 491951
190753 191071
351341 351347
171679 171733
231479 231827
84751 84787
410173 410231
48049 48091
95549 95783
154823 154849
277493 277549
202693 202889
68899 69493
391903 391907
444811 444833
91513 91591
409817 409823
105107 105251
445703 445799
173777 173807
359587 359599
14321 14387
261847 262261
262697 262739
167381 167407
438701 438707
226217 226283
374069 374149
123259 123323
294157 294227
91459 91837
198769 198817
400579 400651
165001 165049
399647 399689
61837 62047
62801 62873
288467 288493
425377 425473
147997 148387
250871 250951
489361 489407
471683 472331
138139 138241
315281 315451
138629 138641
214463 214483
367883 367889
247759 247939
177949 177953
348053 348323
490499 490519
441421 441449
363317 363529
97187 97241
41597 41611
408011 408127
294199 294499
133103 133261
470927 471041
122579 122611
377327 377561
310747 311173
142697 142799
275521 275911
330289 330347
20593 20641
405949 405997
428503 428509
476659 477047
281189 281191
97511 97579
301247 301363
47629 47779
449083 449093
249211 249229
50101 50221
72091 72103
201787 201787
401993 402071
74609 74729
264757 264871
346877 347041
122867 122957
242819 243109
436831 437071
12113 12143
229613 229639
223229 223319
344207 344207
142231 142297
26437 26597
25243 25261
63857 64151
365797 365903
30557 30631
18803 18803
282019 282053
289973 290027
56113 56239
363047 363119
69767 69877
403439 403783
194687 194713
495959 496039
375757 375779
160207 160483
493813 493939
62987 63079
303859 303983
440269 440527
263423 263537
461437 461437
267629 267649
324473 324473
342197 342451
94541 94709
269413 269441
107827 107941
186581 186679
360223 360649
407119 407833
37871 37963
304523 304709
164599 164881
137443 137593
465337 465373
390437 390653
165701 165703
480541 480967
310283 310333
195103 195203
29443 29587
50119 50311
368789 369137
235871 235871
55249 55331
236219 236333
390883 391057
98491 98947
230551 230767
480143 480167
16267 16273
199207 199313
250451 250807
39301 39667
319343 319351
177553 177907
227473 227533
364379 364417
49727 49877
145423 145463
198841 198899
79159 79181
85817 85991
41719 41759
205657 206047
190669 190889
406247 406361
295663 295727
250057 250969
494353 494369
481171 481199
170761 170881
73727 73859
249367 249727
304561 304781
434267 434293
131561 131617
382253 382643
107119 107243
93787 93811
243239 243401
385991 386041
182341 182389
273281 273289
373297 373447
440183 440221
251033 251149
315083 315103
271483 271489
491737 492421
127217 127289
266159 266183
259733 260329
440047 440329
63277 63311
237203 237929
301933 301943
145423 145501
438707 438769
66221 66359
114299 114473
221101 221251
382751 382961
50383 50497
253229 253243
76837 77191
473453 473453
16319 16427
336263 336671
13163 13457
324449 324869
434311 434311
316201 316223
421607 422291
421207 421417
364993 365173
13103 13147
260003 260137
15497 15629
198031 198073
214787 215077
418883 418921
445499 445537
78139 78139
165833 165983
247301 247393
300221 300233
158611 158731
430343 430751
7699 7703
192539 192539
205253 205339
467527 467549
312101 312241
304439 304459
432001 432121
39023 39079
417239 417737
133481 133481
241051 241093
422621 422923
2957 2999
454021 454141
136859 136883
56197 56269
154897 155209
79777 79811
249871 250051
144701 144763
270031 270133
46639 46649
395621 395891
484129 484867
24371 24677
202021 202067
23831 23833
390493 390671
281419 281431
346601 346751
115309 115327
397547 398219
384889 385027
445969 446189
365791 365941
109481 109507
433253 433373
275039 275153
157483 157561
265079 265117
155231 155383
177337 177347
205763 205981
175309 175403
209927 209959
312757 313003
160907 161017
41011 41131
206917 207041
465151 465211
497719 497851
174959 174959
407401 407521
477577 477623
22349 22369
152567 152681
6323 6323
47737 47791
232091 232187
450943 451181
189643 189713
207709 207947
176789 177167
495877 496339
423133 423229
484339 484361
187349 187637
156347 156467
365293 365413
129589 129757
449441 449543
156329 156467
21283 21397
13103 13121
84017 84137
401039 401077
116159 116293
138239 138427
423109 423109
454141 454183
416761 416873
93701 93851
26987 27043
149371 149419
346309 346399
353473 353567
26407 26437
475327 475327
432001 432023
168491 168491
63241 63247
160243 160711
109201 109321
364747 364747
76537 76651
422803 422879
15733 15749
462983 463313
456293 456529
132947 132989
78367 78467
439279 439687
379787 379811
56737 57037
475417 475427
107713 107717
473611 473761
96221 96263
444859 445033
448003 448031
231799 231859
470579 471101
28751 28771
264631 264631
289763 290189
122533 122597
93563 93761
336727 337201
197381 197381
21347 21379
211879 211891
191071 191281
432631 432637
139483 139729
134867 134917
127373 127481
68239 68473
142837 142837
326947 326993
462181 462199
15809 15877
98081 98327
419527 420241
5669 5711
491797 491837
156913 157177
230303 230383
369731 369731
183499 183511
452201 452227
22619 22691
56501 56531
459841 460063
23017 23017
478967 478999
404983 405037
365303 365333
499621 499637
461359 461411
6733 6781
399401 399601
467491 467557
230123 230309
243623 243631
418793 418883
46591 46639
81611 81677
426563 426611
134213 134227
49807 49871
292631 293351
399281 399409
474143 474151
174763 174907
497663 497813
114883 115061
87359 87421
98981 99103
380977 381037
175229 175303
100363 100379
99133 99251
370021 370081
313639 313661
276439 276499
453643 453671
495647 495787
479881 480427
466321 466483
66337 67021
312931 312967
113189 113279
349553 349589
482569 483127
441647 441797
415631 415669
489239 489329
474379 474437
445091 445229
358931 359101
198613 198623
19079 19211
126341 126349
9161 9173
356327 356479
254377 254647
177217 177217
206233 206341
93941 94253
349697 349709
78139 78139
203341 204511
307409 307451
494381 494639
79393 79399
359869 359897
390791 391073
274843 275047
425879 426233
269209 269333
496579 496681
82591 82591
192889 193327
67967 68171
151057 151279
490957 491851
941 947
480583 481093
123581 123583
155119 155161
289033 289033
425071 425083
60161 60647
107839 107903
478573 479023
24533 24623
277549 278063
314591 314599
61417 61469
416531 416957
83231 83273
132623 132689
426211 426331
306883 306893
145601 145709
248569 248749
466079 466409
400949 401237
282413 282617
54787 54917
115279 115279
290023 290027
158761 159013
132947 132989
328813 328813
92227 92227
102673 103141
278321 278437
371341 371549
364891 365251
335381 335833
65731 65809
101527 101719
438989 439007
27107 27107
464587 464603
462733 462851
487811 487831
281959 282091
435913 435913
227231 227387
477229 477329
16319 16361
249377 249437
294649 294787
179099 179107
324097 324469
57283 57287
133109 133271
80963 81017
23251 23293
482773 482863
117703 117709
375311 375311
48049 48157
28789 28901
24469 24509
8737 8893
486041 486203
110821 110879
144271 144481
179951 179969
106619 106619
391823 392519
478433 478483
418027 418051
62627 62753
308101 308213
472993 473027
342889 343073
167311 167311
451553 451621
185233 185483
476851 477011
158941 159013
183943 184081
86069 86113
233161 233183
320339 320477
201401 201403
440393 440393
11027 11027
445339 445619
301831 302143
430147 430277
28649 28657
278911 279481
16993 17027
67153 67453
148693 148783
418787 418793
196907 197033
482759 483221
120937 121063
343547 343727
17317 17317
400657 400679
325307 325307
479309 479753
26423 26573
4517 4517
399941 400009
458009 458483
288049 288053
118373 118399
31013 31019
302711 302851
44263 44351
111217 111253
201037 201037
312839 313109
255007 255517
179737 179779
262783 262807
343051 343141
127997 128113
252691 252877
460657 460777
130223 130369
117877 117883
279317 279329
394453 394969
223633 223667
93407 93481
363043 363119
354097 354259
58111 58111
436889 436913
468527 468577
238471 238477
256723 256813
209459 209477
383371 383623
221171 221411
340999 341041
197767 197773
60353 60659
447829 447901
391351 391379
221717 221723
36947 37049
40063 40231
155599 155609
459677 460147
125789 125933
203173 203317
332641 332903
278191 278207
189271 189311
135929 136069
430277 430319
63353 63659
450103 450403
467531 467657
158591 158881
230939 230969
93479 94079
429953 430091
479419 479821
4423 4441
159469 159553
425879 426131
201683 201701
433507 433549
242551 242633
221671 221717
210359 210391
108709 108751
335557 335567
492901 492979
97571 97843
200657 200861
405869 405901
404671 404843
415213 415717
106357 106531
441421 441547
393161 393401
176509 176629
120209 120551
55163 55229
35089 35227
39103 39103
306157 306247
290959 291103
377557 377633
341459 341477
27817 27901
344293 344327
195791 196337
117763 117809
118529 118907
167747 167879
64969 64969
54541 55171
386777 387631
436913 436979
38851 38851
136993 137383
28111 28297
437923 438133
353917 354139
69247 69337
476911 477313
253423 253537
49277 49339
136139 136379
16139 16187
438521 438589
198031 198073
133877 134033
271057 271127
437587 437629
279397 279397
135007 135349
117511 117529
43117 43609
422789 423083
212447 212501
193093 193133
6829 7243
397127 397303
194057 194687
494257 494359
367789 367819
499879 499943
298283 298303
358973 358973
82037 82217
418259 418493
158761 158771
480113 480157
215471 215687
56311 56383
83243 83477
51383 51419
358349 358429
207619 207953
167159 167317
31729 31729
327209 327209
59069 59123
445463 445649
471217 471403
148727 148763
201769 202063
334057 334427
109199 109363
289181 289439
334427 334693
179173 179407
173137 173149
327011 327079
