259667 259949
375017 375059
404497 404533
370619 370949
408251 408413
250441 250963
149399 149867
159683 159839
272287 272287
255007 255043
3697 3727
201007 201037
331489 331519
334759 334897
484531 484987
96587 96953
62039 62327
22283 22349
79159 79279
100987 101081
60679 60793
262739 262781
322939 322951
270059 270059
289099 289189
216451 216661
410411 410651
131671 131687
208261 208279
136753 136879
285079 285091
72923 73037
369143 369181
276763 276781
449567 449699
297067 297079
298579 298993
434243 434297
279583 279641
182857 183037
293633 293999
11239 11251
201281 201403
13183 13183
44497 44647
456499 456517
46861 47017
251969 252001
404423 404819
229739 229739
348367 348389
447841 448741
80429 80783
101089 101111
217333 217411
267203 267401
350381 350429
226267 226337
146681 146767
325597 325709
22573 22639
209123 209221
28643 28949
242789 242923
13267 13313
155693 155707
443369 443407
128449 128599
252277 253321
14533 14543
477767 477797
328381 328513
494521 494647
62773 62971
174487 174599
495557 495557
102811 102841
217001 217157
69203 69337
101399 101429
65707 65717
408971 409021
197479 197573
209717 209789
20599 20663
370891 371737
235159 235159
261757 262819
125789 125803
359479 359587
72647 72679
317789 317887
309781 309931
344819 344821
212573 212627
323837 323879
250993 251171
380713 380983
69827 70157
147761 147793
463919 464011
461297 461381
98179 98227
17183 17321
22567 22807
382117 382363
63907 63929
345139 345181
360749 360821
388231 388459
220897 221059
208129 208129
422969 423001
307687 307711
180331 180361
415949 416071
157771 157831
441461 441647
270421 270527
27947 27947
223697 223939
315059 315179
361373 361451
192613 192637
38567 38921
257273 257293
317189 317351
305353 306121
334043 334349
296011 296027
491357 491539
99139 99181
198097 198197
366307 366463
230561 230849
82567 82721
293639 294059
4217 4217
170609 170609
164363 165293
34739 34763
17209 17317
164447 164621
409397 409463
430277 430571
223207 224359
45307 45541
179029 179089
419147 419249
294947 295271
263119 263129
468967 469009
474647 474709
271067 271129
15101 15107
174767 174851
1237 1297
87811 87853
449959 449963
376837 376933
473647 473719
193189 193663
169823 169823
195541 195697
369181 369751
348937 349039
298169 298261
475549 475621
369407 369407
49003 49057
360193 360439
61121 61297
137443 137491
182111 182123
387551 388187
111667 111791
462571 462629
358313 358373
306029 306041
388693 388727
361373 361451
462733 462901
359911 360049
493897 494107
288007 288313
136753 136841
352421 352463
269221 269237
114113 114113
305917 306011
296753 297263
329081 329201
123757 123803
9733 9781
11527 11579
485207 485351
174067 174077
76403 76463
361993 362137
410513 410701
476429 477317
486769 486821
495421 495667
394507 394837
140677 140761
107377 107453
167449 167521
408461 408607
240101 240109
124561 124693
212903 212969
435647 435893
294029 294167
55663 55733
272761 272917
441127 441191
398509 398549
38557 38593
314257 314581
23447 23497
266933 267229
420037 420193
221093 221219
337537 337609
401173 401669
79559 79697
453643 453709
307267 307273
191627 191801
213799 213859
423133 423307
456293 456457
83843 83911
42557 42641
206821 207073
111109 111317
285767 285773
407471 407471
23539 23593
52861 52963
450083 450101
138197 138209
125407 125497
435997 436477
172759 172801
150607 150617
401539 401669
211811 211867
395921 396353
492769 492769
353767 353911
347033 347057
497111 497113
351289 351293
214993 214993
52859 52937
491251 491299
281 307
733 743
275767 275911
47149 47237
297931 297967
342257 342281
23071 23209
394643 394733
341641 341729
