270059 270287
146807 147011
225077 225133
215399 215497
69877 69877
191803 191899
342389 342451
74779 74923
248317 248509
363043 363343
120391 120401
240551 240587
413533 413827
387161 387173
488759 488921
17327 17377
448027 448093
390001 390083
120431 120587
497773 498061
344269 344479
415949 416159
120851 120863
378353 378593
37567 37693
346399 346421
174679 174721
260213 260231
51439 51461
353929 353939
387493 387721
309857 309899
184043 184073
298399 298451
12923 12953
316717 316783
370561 370603
121789 121949
21143 21179
354551 354661
4409 4643
247519 247553
201163 201401
352867 352931
490951 491039
261323 261379
418633 418699
494803 494959
293729 293831
454679 454759
264763 264881
44543 44753
323341 323381
206813 206879
292577 292631
335161 335323
143387 143729
354983 355009
373273 373489
168599 168599
91453 91541
215393 215723
496453 496763
472697 472799
171517 171539
36653 36697
181003 181003
385631 385661
245519 245591
139547 139609
334333 334349
277741 277747
430357 430723
405239 405239
220147 220189
269779 269783
416497 416621
10099 10103
196549 196663
217421 217489
334561 334721
116681 116923
327017 327059
378149 378167
28349 28541
456871 456871
237929 238037
121181 121181
393997 394123
362291 362291
405611 405683
124133 124529
173549 173777
436307 436357
89833 89909
166349 166403
937 991
442367 442397
229781 230213
418051 418079
384151 384257
324067 324179
117773 117787
67531 67589
311677 312241
356737 356821
15739 15817
43291 43291
429511 429727
84979 85147
132697 132949
284423 284423
312673 312727
424843 425071
89153 89303
310577 311111
336463 337213
213947 213989
121171 121189
38461 38543
381077 381319
281339 281431
496849 496877
484327 484927
305101 305377
414521 414779
256211 256349
237631 238207
262027 262049
210401 210437
281833 282589
247613 247901
449833 450103
159799 160207
391057 391199
327347 327511
323369 323381
255179 255371
401321 401371
298559 298601
126011 126551
64969 64997
182701 182839
435641 435649
19447 19483
455827 455933
353501 353621
125113 125731
186859 187069
52391 52727
497989 498361
275923 275929
482071 482281
105997 106087
198377 198641
422243 422567
366053 366419
413597 413689
239699 239879
42557 42611
252823 253081
255641 255743
176977 177101
76963 77263
68437 68659
246217 246317
39019 39089
203387 203419
404483 404489
291649 291877
364739 364753
34913 34949
340723 340777
57179 57193
41729 41737
413143 413243
155009 155069
272053 272131
82279 82561
30713 30851
189583 189613
131371 131381
493919 494051
475889 475903
423229 423403
245941 246049
433373 433577
106637 106703
468319 468439
255679 256033
347801 347821
388273 388489
119267 119297
434009 434087
332489 333041
9007 9013
236681 236729
409187 410141
215927 215939
351469 351661
182599 182627
314399 314423
327319 327479
363343 363359
275183 275201
124907 125017
155443 155443
258437 258487
406339 406339
441307 441449
151381 151537
31721 31751
405967 405967
290677 290677
379 433
188389 188407
129887 130147
319849 319937
416719 416873
349567 349637
199933 200003
271429 271597
362969 363313
447571 447829
193951 194071
177841 177913
338893 339139
466247 466261
336911 336961
257177 257297
453671 454061
184669 184703
110753 110863
280031 280031
312269 312407
118751 118787
210923 211061
140227 140419
305839 306193
422089 422099
375253 375259
420781 420799
18539 18731
184693 184711
413759 414083
441109 441179
453737 453757
101323 101449
140837 141023
412903 413053
244261 244367
71843 71909
122663 122741
450617 450761
334681 334721
87509 87523
52081 52163
128521 128563
269939 269953
247339 247529
280913 280927
51631 51637
134867 134921
274019 274349
450361 450377
67477 67531
416023 416089
446087 446111
174533 174569
243643 243647
455863 455921
270223 270299
331259 331369
233969 233969
173993 173993
419201 419417
3943 3989
220747 220757
118673 118691
311111 311111
269947 270001
92551 92581
130523 130631
398353 398417
422563 422789
170063 170123
74197 74219
386263 386383
279883 280069
166043 166487
467491 467671
53593 53617
337021 337291
179833 179947
195659 195733
183167 183329
482971 483233
202481 202621
242357 242479
361523 361577
220589 220709
195229 195731
279607 279883
166273 166301
251539 251611
228797 229157
249989 250057
255971 256163
203353 203387
169627 169751
443341 443389
86453 86453
468889 468953
128629 128983
114089 114193
264053 264137
73063 73351
480317 480419
270133 270223
256489 256489
410807 410903
473867 474029
456283 456329
286541 286651
209621 210173
169241 169243
389023 389099
266647 266767
140831 140939
472939 473089
171811 172031
227159 227231
186239 186301
312943 312989
485941 486667
189271 189391
101929 101939
401959 401993
490661 491483
278501 278501
450533 450533
59863 60217
37307 37361
236627 236813
439601 439601
318023 318023
215381 215687
437093 437111
107441 107741
290027 290033
299447 299699
182309 182353
488069 488303
129643 129769
54563 54673
214381 214507
413461 413461
348217 348433
403511 403537
393931 394123
234473 234851
461381 461609
303613 303619
262901 263101
16193 16231
214807 215197
422311 422407
499267 499327
86837 86939
279857 280013
280927 280949
377543 377843
329387 329471
336307 336397
121453 121507
173267 173501
499157 499327
271499 271549
13901 13921
291359 291373
13931 13931
346441 346547
140417 140477
435451 435577
107923 108007
192263 192347
187897 188359
195259 195787
389437 389483
137803 137827
193939 193943
287783 287783
123737 123803
377887 378149
479239 479371
379433 379541
490247 490309
35933 35977
146437 146543
144071 144461
274451 274591
184043 184559
119783 120017
66221 66491
134587 134593
416957 417113
100549 100591
221957 222337
450277 450293
40031 40253
199207 199313
397589 398063
207743 207971
349183 349291
243829 244141
381323 381373
244669 244747
10993 11119
421661 421717
146173 146173
131149 131221
110581 110821
44579 44657
43427 43441
207923 207923
59357 59377
229 271
350549 350663
491167 491341
235337 235537
257783 257791
214723 214783
271657 271753
121063 121181
63079 63241
268507 268693
441307 441697
251501 251567
247301 247421
175699 175727
82499 82657
304847 304949
413027 413069
493001 493043
159683 159931
6029 6143
377999 378041
310187 310187
78311 78427
183041 183263
315313 315361
487133 487211
212131 212131
281363 281663
385193 385379
456979 457021
190097 190249
46471 46523
464131 464201
278903 279047
377537 377801
298201 298237
160481 160627
233159 233173
116381 116483
188491 188701
147449 147449
373463 373567
325901 326087
488959 489361
357823 357967
54277 54319
475777 475793
369791 369821
227947 227977
112363 112559
372293 372443
401507 401587
70111 70139
144887 145109
444883 444883
312289 312601
426469 426469
194543 194687
395023 395119
334199 334247
267271 267391
263957 264331
470749 470819
46181 46337
139891 139921
264289 264323
157271 157271
225689 225983
448303 448993
311711 311711
433141 433207
301463 301753
481867 482347
485171 485417
473861 473861
10883 10889
283097 283193
106759 106921
75539 75557
298409 298409
119689 119737
427103 427369
435983 435983
193841 194027
341641 342211
174467 174469
247889 247901
308423 308467
205627 205627
447463 447509
464047 464137
474073 474101
466517 466547
125429 125527
96893 96979
195593 195677
415627 415669
160163 160183
192617 192743
234541 234653
469367 469411
376819 376837
375787 376099
430279 430427
68581 68749
464137 464549
241313 241343
479201 479209
406661 406789
117659 117797
325307 325349
311393 311447
412099 412603
26737 26777
368597 369491
498923 499523
54979 55057
474127 474169
279007 279481
125231 125387
399887 399887
132059 132071
460907 461207
64601 64781
220939 221047
6977 6977
119267 119267
138577 139267
190181 191027
39371 39503
129749 130439
205133 205589
76091 76103
32611 32633
439567 439577
199621 199697
254729 254993
72689 72701
386413 386641
259829 260009
198193 198337
379163 379283
414503 414553
126851 126961
454711 454723
393989 394063
123701 123731
179903 180179
173981 174071
317831 318173
51407 51407
428663 428671
7103 7129
166363 166609
151303 151579
468241 468439
191929 191929
21319 21391
392927 392981
312241 312253
114883 114941
437693 437693
126613 126631
239737 239947
313933 313981
132817 132887
216173 216173
73597 73699
193139 193283
344753 344759
443873 444271
75833 75883
156019 156253
77969 78317
167449 167491
366703 366733
266489 266687
385433 385501
463207 463207
39841 39901
494387 494849
346751 346867
391711 391861
257671 257717
445657 445691
226903 227159
126421 126491
81929 81943
72883 72923
209581 209623
209173 209213
142453 142567
226453 226547
45697 46051
78857 78887
185599 185599
123973 124123
317663 317663
408217 408311
419467 419599
290083 290083
351763 352111
204481 204511
167627 167801
314549 314549
136739 136739
365423 365567
384107 384227
42461 42491
236519 237683
37273 37321
352817 352939
475327 475429
263911 263951
73973 74027
366181 366397
119129 119131
347143 347143
150067 150211
117443 117511
360551 360637
234281 234461
437651 437681
81769 81769
21101 21139
365473 365489
345019 345019
209123 209159
491737 492007
297467 297503
480461 480499
30763 30853
351733 352081
42323 42533
170227 170227
190507 190591
347201 347233
142183 142211
291481 291751
357047 357131
364303 364313
33739 33773
26177 26177
447137 447311
362969 363017
128237 128237
342467 342593
426061 426631
248533 248609
107563 107741
436313 436811
396953 396953
251567 251567
15647 15727
426739 426757
341729 341749
304867 304901
470059 470083
174443 174767
163627 163819
22783 22871
255217 255247
92959 93199
123719 123787
349933 349939
200443 200569
102001 102019
215693 215851
411967 412037
108089 108089
219281 219281
497993 498301
9283 9283
98533 98641
203911 203977
395429 395491
172759 172987
408713 408787
159457 159589
295271 295541
212369 212411
350003 350087
466853 466997
499309 499349
328847 328849
85333 85639
150497 150497
445463 445853
158881 158909
356101 356701
193577 193741
68903 68963
143831 143947
119033 119047
439279 439631
316961 317267
65111 65129
291037 291199
496051 496163
462607 463189
179393 179393
346651 346711
387659 387659
413353 413557
319211 319313
413807 413807
322073 322247
401057 401077
293099 293351
42701 42797
189439 189493
178039 178151
292933 292973
31687 31727
412987 413551
244633 244711
419789 420317
164831 164881
384751 384773
208609 208657
346763 346939
189239 189377
349697 349949
155921 156119
187931 188137
434659 434761
183203 183383
277999 278063
389561 389563
390653 390743
476419 476737
301027 301039
313343 313387
37501 37549
305147 305231
435647 435647
7753 7927
477947 478343
381943 381977
424729 424777
423277 423427
320867 321467
262109 262253
330469 330697
158143 158201
203383 203659
203459 203807
30817 30859
224911 224921
351599 351749
372013 372137
216829 216859
237409 237607
32611 32707
342599 342659
317411 317431
448093 448093
130841 130981
471683 471719
95633 95707
373063 373231
314359 314497
347003 347143
476111 476137
85601 85691
416513 416543
220421 220471
53759 53897
245983 246097
145603 145603
455269 455407
410671 410701
192877 192883
278891 278917
220399 220399
34157 34259
373669 373963
99571 99581
168523 168629
249967 251071
374173 374483
131591 131701
270551 270551
9433 9533
440207 440501
25373 25609
368359 368411
310987 311329
264763 264763
127819 127849
201037 201193
109313 109321
121763 121937
155171 155171
443941 444127
389621 389797
419711 420097
465419 465739
322783 322891
198179 198197
50929 50989
209179 209201
127607 127657
343529 343913
217829 217901
141121 141307
321469 321553
454799 454823
440549 440579
176497 176677
49139 49157
327133 327179
376757 376793
446569 446657
76511 76579
238423 238591
175753 175891
431147 431173
69623 69623
259949 260111
310237 310273
466547 466997
294923 295039
75037 75079
13469 13613
156011 156353
192043 192097
154699 154933
30869 31139
448697 448853
213659 213929
270701 270791
470299 470303
338573 339389
423257 423287
140909 140977
493447 493573
100313 100511
332477 332561
425851 425989
461 461
249017 249133
234203 234341
4993 5101
430907 431099
71249 71389
16063 16087
444791 444791
22307 22307
287747 287747
340061 340337
354701 354737
387623 387839
375527 376127
296519 296579
335539 336109
396601 396887
103457 103643
33637 33637
317197 317321
7603 7607
300733 300743
198127 198127
307919 307939
190607 190787
464129 464131
447541 447757
164581 164621
253787 253819
200131 200177
252283 252313
479629 479861
49121 49121
209263 209269
398087 398219
377633 377779
78241 78307
170441 170447
49297 49333
120721 120763
448927 448993
356989 357619
65717 65827
30491 30553
457837 458701
394619 394817
262819 262937
160409 160649
431729 432059
474059 474077
44279 44501
283831 284023
363751 364073
231409 231461
171529 172009
207187 207187
121039 121171
91733 91811
254959 254987
166157 166189
395537 395597
102611 102673
412073 412967
399667 399731
217363 218077
427327 427417
55949 56123
302747 302767
183487 183949
22861 22861
4397 4423
168697 168851
260857 260941
266971 267037
377623 377737
112771 112901
236479 236641
305093 305147
409177 409291
64927 65167
203579 203663
241511 241643
84551 84673
242591 242747
190207 190331
485893 485959
72739 72869
158597 158611
19031 19457
175327 176221
41777 41941
426061 426061
98479 98543
215851 215893
18191 18287
168499 168527
82421 82483
473789 473927
225347 225371
415729 415819
257219 257281
443167 443227
384107 384107
421049 421847
98389 98479
22259 22271
188767 188833
250871 250871
450761 450761
381637 381713
232571 232621
426311 426527
304643 304813
116981 117167
288907 288913
150533 150929
311203 311347
269663 269879
52387 52543
240967 241051
163061 163151
244897 245029
313979 314059
158003 158071
305749 305759
161839 161971
179939 179947
228353 228521
383791 383941
200723 200771
19489 19603
231943 231943
167683 167747
115601 115631
