373339 373339
484027 484061
237233 237509
223919 224057
85711 85831
476977 476981
280879 280883
401809 402313
167747 167777
485479 485647
259697 259697
34429 34483
99131 99173
301471 301753
403829 404177
405947 406067
200329 200587
221477 221477
247607 247729
206303 206603
235177 235241
117811 118189
340201 340339
183047 183091
158161 158161
243227 243367
489389 489493
316373 316661
167017 167191
297581 297617
252101 252419
404693 405011
88237 88289
229223 229487
233879 233917
285179 285251
116443 116471
158959 159209
268927 269029
84017 84191
315223 315569
270463 270601
457403 457607
4813 4943
383459 383729
309851 310043
78437 78707
14869 14923
179527 179593
482017 482029
44797 44809
234713 234917
159623 159697
398683 398863
80599 80621
220151 220169
261973 261977
242689 242999
370663 370759
17293 17317
227671 228511
74959 75353
77621 77687
416393 416833
361687 361723
495773 495829
123653 123653
493813 493967
438241 438281
173783 173861
54287 54323
331127 331259
10459 10499
306331 306431
366343 366859
149197 149417
465019 465061
92399 92419
181123 181123
343313 343517
485041 485417
77933 77977
274259 274271
231839 231841
382357 382357
35401 35407
488617 488627
210131 210191
236867 237683
38873 39317
23509 23563
179749 180307
436999 437093
469031 469193
100357 100361
341017 341179
189389 189767
491297 491353
253157 253607
49939 50033
334547 334547
357437 357437
281837 281993
991 1021
251201 251203
39581 39607
408869 408979
363959 363989
149579 150083
1049 1097
415171 415319
165041 165161
428167 428249
335149 335161
419281 419329
310463 310501
477899 478139
322849 322921
444811 444979
47093 47111
233983 233993
39419 39419
148867 148891
87383 87383
251831 252233
112397 112859
218887 218971
149771 149771
94723 95071
141067 141241
402221 402313
215351 215417
193423 193447
353149 353201
81463 81517
103619 103841
172741 172973
337691 337691
191831 192149
271471 271499
411241 411583
151631 151817
346903 346961
428473 428503
331613 331871
403499 403499
378019 378101
246017 246133
77983 77999
388211 388259
87643 87649
477811 477863
161047 161141
12953 13229
97259 97301
290623 290627
28921 29077
250829 250967
365179 365479
