197677 197713
460301 460301
201007 201211
210491 210659
123853 124171
183569 183881
49391 49463
92639 92693
497741 497839
301711 301747
363119 363149
184957 185467
411727 411779
379333 379531
42131 42139
312727 312863
65707 66337
64081 64091
494563 494677
295201 295271
257893 257893
499033 499063
457651 457651
351479 351503
443153 443171
305933 305947
167119 167173
332873 332987
343561 343579
346051 346051
452689 452731
278609 278627
329297 329551
70423 70439
244637 244759
162293 162671
6211 6271
433963 433967
289453 289603
414329 414361
115751 115771
459383 459521
211433 211433
432923 432959
422291 422549
173539 173599
47017 47123
327829 328249
192737 192767
430589 431147
269573 270143
279481 279481
63719 63743
373349 374239
353657 353879
35527 35731
494933 495161
241793 241817
61757 61909
343529 343559
110609 110623
375707 375709
197569 197683
118463 118549
49943 49957
27967 27967
226337 226433
280909 281419
46889 47093
270821 271003
362443 362449
86353 86453
282229 282239
59621 59629
1783 1801
221567 221603
41047 41131
437497 437881
252079 252209
446569 446713
492707 493211
499559 499621
195121 195127
358349 358427
157679 157679
63761 64037
186757 187081
388991 389303
115877 115877
218357 218531
210731 210739
416443 416501
197753 197957
43573 43577
483229 483281
355111 355111
60869 60923
287383 287549
261791 261917
455513 455557
178831 178921
468239 468389
359417 359417
420163 420191
233437 233641
88609 88661
327419 327421
269897 270001
303581 303613
257503 257539
457559 457651
380363 380447
460189 460373
49277 49409
451679 451831
123727 123757
113683 113989
286457 286547
309493 309731
220889 221197
97967 98041
46919 46919
178799 179327
14797 14879
14717 14723
131251 131581
13421 13457
402139 402379
119027 119227
257053 257069
57149 57149
228023 228113
68611 68699
382391 382429
18803 18869
201281 201389
304069 304303
313109 313241
422407 422407
265277 265277
108413 108557
414809 414899
78791 78797
416623 416677
5651 5693
219917 219917
252101 252209
446293 446399
349187 349207
351343 351359
275323 275461
163909 163981
204013 204137
457363 457903
146701 146917
79309 79393
43961 43991
335021 335033
179 191
46103 46141
426073 426131
43487 43499
208739 208963
105167 105211
213791 213833
308293 308437
458207 458567
307919 308041
428629 428633
441527 442019
254791 254959
364523 364853
237217 237619
468271 468289
137387 137387
355127 355609
182687 182711
293651 293989
45197 45281
376709 376787
179453 179573
288191 288389
186271 186301
165587 165811
5507 5557
236167 236231
243851 243911
396953 397063
286381 286453
76091 76123
214759 215161
427789 427789
198179 198599
84751 84859
296369 296437
85999 86027
433439 433859
417617 417623
130927 131009
296801 296843
3083 3119
490313 490367
342281 342569
355937 356351
227113 227743
270587 270631
284131 284173
373073 373553
420967 420967
11251 11287
392981 393013
461119 462073
378869 378883
360497 360769
24989 25013
161561 161683
456377 456377
150697 150697
447401 447521
278591 278717
328213 328429
449441 449473
119983 120121
450067 450223
437279 437387
198259 198349
249181 249181
493657 494041
298601 298691
328379 328421
17117 17291
41521 41893
238417 238471
420419 420439
115001 115013
147401 147451
297457 297581
403003 403049
112621 113011
350843 351023
76231 76303
6599 6619
305477 305521
292727 292801
168533 168601
367127 367139
379571 379979
262819 262909
352481 352589
105683 105727
113723 113779
297023 297659
333419 333433
383419 384067
381761 382037
405827 405869
186917 187189
465277 465541
149173 149377
227627 228181
229781 229849
29009 29063
479299 479461
215563 215899
161039 161267
3221 3257
51899 51929
333449 333719
176369 176591
321077 321109
357271 357271
118873 119179
39779 39857
244733 244733
341507 342071
450077 450103
138793 138977
46049 46219
254963 255149
474659 474707
439759 440227
181457 181667
335609 335719
461407 461677
280549 280561
295319 295517
265451 265757
482663 482719
283267 283573
244379 244393
264013 264059
60647 60757
351077 351151
449161 449161
388099 388133
193183 193247
464069 464081
270379 270587
261973 262387
418289 418289
134581 134707
387911 387911
67807 67807
56101 56113
11273 11329
278549 278611
229727 229739
239231 239233
269429 269779
96671 96779
127139 127219
294403 294751
29287 29401
35999 36017
68711 68777
39869 40009
163147 163393
458323 458357
336653 336761
252163 252209
117133 117209
498859 499133
488399 488909
215087 215123
210869 210911
492979 493231
279443 279557
139457 139501
151121 151253
235849 236077
404387 404423
375997 375997
287669 287857
125231 125339
450797 450803
117619 117709
343019 343051
274423 274579
216263 216319
491731 491833
225067 225149
260951 261353
301813 301993
355513 355591
324449 324451
488909 489239
231379 231419
117517 117571
306739 306749
31973 32003
228617 228637
208697 208837
341311 341477
170641 170689
304807 304807
50773 50867
385481 385559
148157 148331
216901 217909
366227 366277
99761 99989
258421 258551
320471 320627
81953 81953
83557 83911
304643 304813
249863 249947
442139 442207
103699 103787
175783 175909
135347 135353
392321 392347
74027 74161
218213 218279
455381 455513
369211 369293
63709 63793
436463 436523
225611 225683
188633 188719
354091 354209
391679 391847
116933 116969
46327 46351
308137 308527
101833 101939
18127 18127
91459 91513
266239 266647
346793 346867
113383 113489
84061 84089
364337 364411
79979 80141
405893 405893
46819 46933
130517 130523
347359 347401
238939 239521
485347 485383
83983 83987
116881 116929
407959 407969
374587 374687
181421 181609
355697 355717
490733 490733
183949 183979
169019 169019
406183 406253
478843 478853
60083 60101
249563 249727
57923 57991
45989 46073
252979 253159
197083 197117
400109 400331
300893 300977
83407 83537
488069 488231
414277 414277
293899 294179
4423 4513
143419 143483
325951 326437
495973 496303
289171 289241
444677 445031
371971 371981
338171 338207
403889 404197
157217 157427
376577 376631
428671 428833
40231 40423
190283 190367
128879 128879
51217 51257
443711 443873
472573 472691
493567 493583
298169 298171
390419 390421
33359 33503
418009 418181
263063 263183
204133 204163
425441 425783
206291 206347
104869 105229
117811 117991
225119 225119
125003 125149
203039 203279
249143 249233
471091 471217
480553 481003
73877 73877
306049 306157
96959 96973
104009 104047
67079 67079
498061 498103
425071 425419
61469 61483
374333 374333
127261 127261
447703 447829
472391 472457
449353 449959
481673 481697
157519 157559
217229 217369
400721 400927
311009 311603
46451 46499
297779 297833
381631 381757
335077 335089
236891 236993
15193 15193
391219 391273
362443 363119
421241 421361
177209 177211
375787 375923
295429 295429
373693 373903
320057 320057
348629 348769
195739 195907
362897 362969
153449 153509
164599 164599
115663 115693
90163 90191
261713 261761
126349 126473
189407 189407
41813 41843
105751 105761
328619 328633
230977 231079
415087 415087
457799 457871
316259 316439
392647 392737
279823 279977
386693 386723
413207 413411
111697 111773
389989 390067
118081 118127
495307 495343
487213 487391
44657 44789
378559 378739
400067 400109
147263 147391
165559 165589
87917 88007
474391 474443
404269 404779
151597 151651
482687 482687
468973 469009
126691 126757
261071 261389
492511 492551
296749 296833
237331 237401
386297 386297
275641 275699
409069 409081
43051 43321
99409 99409
315907 315949
413477 413759
149953 149971
61001 61223
282167 282299
355559 355609
242083 242201
96857 96931
161341 161503
94447 94463
173909 174047
377717 378101
416963 417017
472921 473147
363977 363989
183523 183577
430193 430433
282101 282167
270493 270961
121039 121189
343261 343289
445157 445169
38371 38501
217907 218003
405869 405989
191561 192263
259781 259867
246473 246539
447701 447749
167677 167971
358573 358601
377353 377471
48799 48799
14683 14699
229903 229939
224401 224443
157271 157667
98009 98017
461407 461677
448093 448111
7039 7039
268909 268909
300151 300301
386611 387313
229703 229711
7699 7873
256211 256219
439723 439781
91541 91639
349211 349553
353939 354007
282911 282959
154883 154937
152671 152839
27277 27281
330167 330311
435187 435247
373757 374093
19661 19661
89989 90007
182431 182953
139907 139969
120677 120917
9949 10007
262501 262621
257287 257293
498331 498401
434989 434989
211817 211891
45641 45751
40471 40507
106213 106319
166027 166043
276919 276953
376819 376819
90469 90481
30293 30293
291983 292069
144701 144779
427069 427069
463513 463627
24571 24677
332513 332887
57329 57593
423403 423427
43451 43541
48131 48239
446441 446477
418787 418961
137447 137453
57383 57413
403057 403057
423323 423439
376001 376283
496493 497041
34261 34301
76103 76103
462421 462437
5087 5101
54139 54167
274271 274403
131023 131063
415577 415603
28429 28549
84137 84163
108457 108499
237487 237619
305867 305927
273821 274103
413863 414049
197083 197089
329803 330103
297889 297931
490183 490421
256757 256877
172883 173053
110491 110503
443189 443231
197893 197909
325063 325411
51503 51521
204887 204931
81239 81371
442619 442619
341701 341839
150239 150379
499853 500057
317 331
228511 228539
75253 75511
54521 54917
488743 488749
146843 146953
90977 90977
70199 70583
4597 4603
92311 92431
5077 5087
449621 449987
138143 138323
428671 428741
235241 235273
426421 426487
317459 317789
382037 382171
142169 142183
287107 287149
290621 290861
326563 326773
261761 261823
242713 242773
57731 57781
348323 348443
474809 474857
259867 259907
494719 494899
14489 14537
117709 117721
481199 481433
456877 456979
289543 289643
162739 162821
139169 139169
374461 374761
414451 414553
483757 483811
496123 496289
39419 39451
59197 59341
465337 465337
171947 172027
488227 488249
269573 269597
80341 80681
461609 461609
102539 102539
463321 463457
452537 452831
442363 442457
18679 18701
280037 280061
155887 156227
118057 118399
353819 353879
265541 265841
16193 16229
382649 382727
132199 132247
460451 460609
158563 158581
427169 427237
54559 54577
284369 284369
442439 442573
388117 388231
436481 436547
6389 6689
24979 24989
287701 287821
224717 224737
388567 388567
86627 86951
479497 479839
252193 252209
88997 88997
313997 314189
378083 378163
11329 11593
226819 227371
463511 463643
436801 437071
92177 92179
247463 247529
17033 17047
312427 312427
306349 306541
358229 358273
190409 190633
405323 405407
240073 240101
291547 291619
36887 36901
12011 12113
21383 21713
406697 406729
53569 53731
204599 205397
468001 468049
276827 276917
52757 52967
243623 243851
379283 379319
76001 76607
38959 38977
93703 93719
305971 306349
265417 265543
357839 358109
401887 402091
232901 232987
389849 390083
286859 286859
134341 134369
341041 341491
424597 424843
490339 490459
262741 262901
348461 348527
420731 420731
420367 420421
197807 197837
428693 429119
137873 138157
319289 319339
493217 493217
450587 450587
202981 203173
58129 58151
5407 5413
69779 69833
476633 476753
236111 236153
466673 467213
244841 245261
173293 173659
338477 338731
120277 120709
71549 71549
115019 115133
352939 352973
373207 373213
123997 124087
426799 426893
161563 161641
468239 468253
212209 212683
42899 42979
311473 311659
450169 450199
255253 255259
336689 336773
289109 289139
45343 45589
270217 270493
339023 339127
3533 3833
90863 91139
143141 143249
220699 220699
168109 168293
77797 78277
128521 128521
370009 370061
275837 275881
490249 490283
173531 173777
122069 122167
86069 86111
31849 32057
22727 22787
33797 33851
362951 363431
423413 423463
279583 279593
285629 285749
213953 213989
218149 218437
124181 124337
456329 456683
492523 492731
130489 130579
284159 284423
158341 158443
450841 450859
215161 215161
389527 389659
454501 454507
30161 30341
9623 9767
143827 144061
44267 44381
112759 112807
50273 50291
94951 94999
488947 489127
116437 116657
111593 111611
296159 296287
247301 247421
247501 247501
434237 434717
202987 203039
222043 222127
187871 188417
339067 339389
179213 179243
147689 147703
388259 388793
441479 441713
273047 273311
138079 138079
371071 371087
79907 79907
351863 351913
135449 135449
112951 112951
347183 347591
234811 234851
79987 80077
285569 285611
209333 209357
468623 468667
455579 455717
185599 185707
188323 188431
475301 475301
275573 275573
92567 92569
363563 363581
94219 94219
215953 216023
40583 40597
164743 164809
155653 155821
488909 489239
439799 439919
484777 484853
111409 111431
208697 208907
133187 133271
299401 299471
151903 151903
306431 306541
54973 55501
138007 138107
139369 139439
465833 465833
262313 262501
80207 80347
214913 214943
200357 200363
365851 366029
34231 34483
251063 251087
413537 413557
282239 282239
445141 445433
109471 109741
274973 275129
441667 442121
20773 20807
289283 289727
204437 204439
292793 292801
336863 336901
364223 364241
479023 479081
221083 221159
219293 219463
293467 293681
18541 18541
84701 84793
441479 441563
201451 201517
247259 247369
260581 260629
21193 21269
203767 203789
286129 286163
258949 258959
387187 387727
267877 268507
234197 234211
65731 65761
34231 34483
123757 123979
425329 425329
421049 421559
99133 99259
297133 297289
351859 352237
356333 356969
387857 387917
67189 67219
255071 255107
477091 477341
263171 263191
413417 413849
246391 246613
480787 481009
246539 246613
350443 350453
325309 325309
390877 390883
72901 72931
322649 322727
73039 73043
103669 103903
97327 97367
480167 480521
203461 203669
280253 280603
300317 300367
423061 423067
348421 348437
370081 370207
460673 460793
225089 225263
474757 475207
1699 1753
223637 223837
131381 131381
135589 135599
292367 292469
389231 389303
297797 297809
455579 455603
452077 452161
47431 47441
176461 176461
131317 131431
11083 11437
488743 488893
