387197 387449
472163 472189
383963 384001
383303 383399
108881 108907
119881 120103
114659 115019
77191 77267
241921 241951
284803 285049
411259 411361
450727 450727
104911 105229
426893 426971
394619 394721
214391 214451
251323 251477
293717 293791
146989 147211
313081 313151
60343 60509
283793 283949
253661 253717
243707 243863
394099 394327
283573 283573
456503 456587
183023 183167
461687 461801
427169 427283
113227 113227
236107 236407
213613 213727
249229 249229
65719 65729
234977 235091
442033 442069
120163 120371
197803 197909
380299 380327
208459 208591
392611 392809
118903 119611
24181 24391
46199 46271
196583 196699
333107 333197
54049 54151
427541 427591
125941 125941
452579 452611
324637 324647
295541 295571
270407 270461
192341 192391
196051 196073
496763 496813
394157 394367
443689 444007
384907 384961
248267 248267
48221 48281
427517 427579
113279 113417
21851 21859
455473 455527
207269 207491
132763 132971
20297 20297
181273 181297
140407 140407
2803 2861
376063 376127
114479 114577
109211 109357
69959 69997
291089 291199
112067 112241
454609 454637
135029 135043
222293 222317
266059 266089
133543 133543
348671 349121
349927 350179
410497 410929
412561 412571
499739 499787
469801 470021
87719 88223
94379 94649
224057 224153
257287 257311
440047 440183
412387 412387
210709 210773
487021 487133
144479 144511
317701 318007
174931 175309
