333031 333097
386839 386839
2281 2281
441041 441443
436027 436091
436871 437149
403687 403849
376483 376573
323903 323933
272351 272359
347297 347957
426421 426469
47297 47303
149113 149197
215297 215353
484397 484609
364393 364423
20939 20959
296287 296347
364411 364417
167747 167747
150607 150847
265231 265339
452027 452279
471193 471353
69109 69163
56503 56519
448927 448997
385597 385639
343687 343831
456683 456767
247813 248161
443063 443123
365419 365461
351661 351749
440179 440239
74941 75013
126023 126067
192263 192767
156467 156539
416497 416621
307261 307627
355847 356077
187787 187793
234989 235181
216571 216617
344863 345109
71963 72053
212369 212903
70891 70901
305369 305413
394819 394931
248971 249017
275459 275837
106181 106331
347317 347509
491969 492053
211313 211427
106031 106031
468239 468599
412627 412627
392279 392333
223337 223423
286393 286499
208697 208721
30757 30763
112067 112121
327023 327331
43049 43051
214031 214133
120503 120563
276151 276173
451337 451679
38281 38431
41333 41357
428003 428147
158231 158243
322109 322261
282703 282889
219433 219433
215309 215381
487423 487447
369361 369703
331547 331549
124181 124577
459397 459463
121963 122167
431983 432023
366869 366923
412273 412771
360193 360289
319993 320107
367163 367313
412663 412807
454721 454823
106187 106319
264221 264301
306533 306689
129539 129593
264091 264113
406177 406327
53327 53419
209221 209221
412667 412739
348191 348323
281549 282059
106903 107719
251501 251567
482759 483443
318907 318907
455489 455513
9341 9431
278143 278219
458191 458863
404191 404197
87853 87869
394969 394987
152681 152681
207619 207877
320659 320851
399983 400217
365021 365129
306857 306871
203461 203669
297841 297953
458747 458897
240043 240049
49369 49429
385397 385397
162713 162727
92051 92077
207673 207763
107741 107791
50969 51413
146681 146683
478099 479419
269987 270167
269683 270029
121949 121997
343019 343073
420421 420613
382117 382253
429931 430057
174469 174599
150439 150589
310781 310819
366967 366973
208933 209063
205661 205817
27803 27919
221987 221987
135029 135043
269953 270073
352991 353057
290209 290219
71483 71549
367097 367201
430009 430513
53887 53917
119701 119983
167099 167107
409369 409391
275503 275623
172297 172441
284311 284521
361211 361337
59663 59693
260569 260713
445567 446041
373859 373937
36541 36559
259517 259667
203549 203653
139787 139999
168863 168991
195581 195593
246241 246289
255641 255713
478579 478603
395749 395959
185303 185519
488417 488513
204161 204173
230311 230977
385199 385537
155153 155191
263443 263503
464467 464617
36997 37003
450529 450563
330329 330731
225061 225143
270749 271067
28607 29009
209597 209819
351079 351079
264631 264757
421453 421783
89633 89759
439973 440039
157523 157739
373361 373517
369293 369419
186049 186247
48073 48091
336397 336403
476249 476299
391717 391903
195659 195691
75307 75391
207293 207463
274627 274627
342071 342211
143797 143881
226357 226483
301423 301591
248543 248783
68771 68791
88657 88663
84137 84467
278071 278209
146051 146161
271367 271499
279119 279179
349381 349423
80897 80911
311557 311791
436831 437071
477739 477809
248657 248891
395767 396259
9697 9739
406699 406699
172489 172489
266269 266447
37277 37309
314129 314239
224929 225613
30467 30529
114593 114601
357593 357611
465581 465611
139991 140143
71671 71821
16183 16189
109579 109717
333803 334021
221083 221233
73121 73547
74941 75041
415609 416387
22349 22391
387077 387137
452687 452797
411421 411443
41761 41809
403951 403969
