168541 168601
295429 295433
337919 338033
139627 139753
238547 238573
84559 84697
449591 449663
196771 196991
198959 199081
334421 334427
200513 200591
309479 309577
132361 132523
121661 121937
272917 272927
113843 114113
497351 497537
453977 454967
39607 39619
269419 270097
4441 4651
415061 415253
100931 101051
60617 60773
313207 313241
379277 379343
316699 316717
411157 411577
55399 55439
395701 395749
214853 214883
240347 240433
246527 246809
499363 499549
325307 325517
396637 396971
301183 301243
289181 289439
362561 362581
109387 109391
10009 10061
342481 342481
247099 247099
296941 297083
224461 224563
104107 104123
113233 113539
3659 3767
299521 299653
161009 161303
380623 380879
282461 282563
239389 239527
311539 311551
495647 495701
481807 482371
103171 103177
484751 485063
469069 469219
197339 197441
469979 470039
481939 481963
125141 125207
77999 77999
465007 465107
468371 468473
367027 367621
414347 414461
24551 24659
296137 296237
232499 232607
21089 21143
409709 409897
375761 375787
344269 344321
283501 283639
259213 259321
85817 85837
11987 11987
30497 30497
80473 80489
92387 92387
50383 50423
309173 309173
88903 88951
112069 112327
360863 360901
296767 297247
302843 302959
489361 489427
418423 418423
321821 321911
324979 325079
487681 487691
203969 203969
371999 372067
469229 469543
323567 323759
66457 66491
333793 334183
309583 309989
51929 52253
216751 216751
93787 93887
205847 205957
211777 211789
106751 106801
472847 473351
40591 40813
81371 81517
183637 183871
264031 264127
118681 118681
21521 21557
19391 19427
253447 253469
459113 459293
10987 10987
28729 28729
133439 133633
110183 110321
142553 142871
6899 6907
101111 101117
479701 480043
110339 110459
148331 148399
212353 212419
208261 208291
418303 418343
41521 41579
64969 64997
202493 202679
190699 190717
157841 157867
432527 433151
471389 471593
197383 197569
311203 311341
130553 130681
29201 29201
320011 320119
26573 26641
498653 499133
72173 72313
302213 302273
325379 325477
193093 193153
59149 59263
109673 109751
155621 155717
200971 201101
480737 480911
247433 247739
458039 458173
493123 493249
97501 97549
90469 90473
281069 281069
204803 204947
6043 6043
258607 258631
313571 313619
485171 485417
67073 67121
419477 419557
322097 322169
98597 98689
347533 347587
189253 189377
313321 313471
149729 149729
98057 98101
223243 223507
59557 59581
379931 380309
151799 151903
361663 361727
389773 389773
222043 222127
89459 89477
87973 88079
44579 44657
39551 39719
357659 357737
262877 262901
39233 39293
466441 466567
339839 339959
85369 85429
188519 188533
8363 8369
471649 471703
409597 409897
257879 258113
343019 343177
85243 85411
302779 303007
13099 13099
32083 32141
342257 342467
315193 315199
244451 244451
186107 186869
317189 317263
114809 114859
452869 453133
464557 464923
441421 441523
249329 249419
89939 90059
251221 251287
445691 445741
324491 324587
47809 48091
400381 400409
301361 301447
165103 165247
262897 263191
21193 21283
325643 325673
134887 135017
416263 416291
380047 380147
362147 362203
327319 327409
478273 478403
323579 323797
369293 369983
321631 321631
425417 425501
232753 232777
453157 453181
153953 153997
292393 292427
60373 60509
470647 470689
308773 308989
253919 253949
372859 372877
180337 180679
184829 184831
12457 12491
464647 464747
344719 344759
41627 41659
465319 465331
175687 175811
385859 386041
375247 375251
181639 181693
356731 357073
44771 44851
264211 264211
87491 87629
169831 169913
308509 308621
302053 302123
63689 63689
181957 182059
277163 277259
74891 74959
117109 117223
474379 474499
387913 388081
206467 206827
133069 133109
355559 355573
47521 47653
20521 20857
245851 245851
301747 301753
