16
0 100 99 98 97 96 95 94 93 92 91 90 89 88 87 86
100 0 100 99 98 97 96 95 94 93 92 91 90 89 88 87
100 99 0 100 99 98 97 96 95 94 93 92 91 90 89 88
100 99 98 0 100 99 98 97 96 95 94 93 92 91 90 89
100 99 98 97 0 100 99 98 97 96 95 94 93 92 91 90
100 99 98 97 96 0 100 99 98 97 96 95 94 93 92 91
100 99 98 97 96 95 0 100 99 98 97 96 95 94 93 92
100 99 98 97 96 95 94 0 100 99 98 97 96 95 94 93
100 99 98 97 96 95 94 93 0 100 99 98 97 96 95 94
100 99 98 97 96 95 94 93 92 0 100 99 98 97 96 95
100 99 98 97 96 95 94 93 92 91 0 100 99 98 97 96
100 99 98 97 96 95 94 93 92 91 90 0 100 99 98 97
100 99 98 97 96 95 94 93 92 91 90 89 0 100 99 98
100 99 98 97 96 95 94 93 92 91 90 89 88 0 100 99
100 99 98 97 96 95 94 93 92 91 90 89 88 87 0 100
100 99 98 97 96 95 94 93 92 91 90 89 88 87 86 0