16
0 790 318 547 0 472 0 700 261 108 341 640 233 762 448 459 
674 0 16 949 26 588 880 301 832 202 581 390 0 0 908 0 
975 0 0 0 652 0 531 0 954 487 216 215 709 877 414 0 
925 735 696 0 114 389 987 981 0 578 640 370 655 929 486 224 
0 266 742 0 0 558 728 18 644 257 0 292 380 911 455 0 
770 26 266 0 196 0 360 534 0 313 704 0 99 779 926 156 
88 860 490 916 529 0 0 162 559 620 172 578 0 13 379 180 
0 431 0 819 0 665 512 0 0 344 302 0 983 759 646 521 
223 694 0 111 963 99 469 580 0 858 210 596 0 0 0 515 
347 19 268 317 0 14 927 815 985 0 207 250 641 815 239 452 
194 313 330 132 0 0 686 577 194 0 0 404 303 518 0 650 
564 924 735 219 927 255 0 0 1000 603 973 0 812 616 164 0 
0 838 841 378 3 0 465 98 823 0 538 828 0 842 835 705 
840 0 644 0 517 0 566 552 600 863 477 713 758 0 0 421 
958 445 0 1 0 383 0 404 347 499 312 562 960 8 0 52 
35 634 543 177 787 555 558 372 859 555 43 609 222 781 940 0 
