16
0 796 236 483 0 806 0 486 928 469 868 316 342 162 174 698 
748 0 273 568 0 584 0 501 0 595 905 0 0 412 770 350 
823 79 0 963 627 625 0 273 642 570 601 791 927 113 491 317 
792 0 0 0 923 226 0 823 110 841 787 528 107 967 998 793 
875 633 0 575 0 442 0 626 0 0 293 841 0 867 319 168 
260 788 0 58 956 0 665 699 151 743 576 394 152 0 0 179 
169 0 0 0 336 161 0 338 539 345 744 685 0 934 599 17 
664 845 290 280 654 0 315 0 0 175 409 379 150 743 343 87 
955 716 0 0 0 687 0 853 0 134 874 648 694 914 255 853 
514 254 938 0 878 70 882 0 527 0 772 357 618 308 517 0 
973 919 397 0 0 703 272 748 735 0 0 526 633 0 597 817 
31 0 0 72 0 451 0 0 35 354 0 0 269 568 885 359 
930 0 409 0 272 583 628 282 607 180 874 221 0 554 625 373 
852 0 807 0 862 572 923 8 532 216 0 227 0 0 992 679 
519 649 0 452 49 305 0 0 257 205 260 0 0 915 0 675 
175 573 893 795 761 903 0 527 86 982 831 258 0 439 0 0 
