16
0 717 0 909 436 0 892 0 139 321 483 725 297 260 0 27 
11 0 0 844 286 733 235 894 976 803 431 551 747 953 0 709 
308 120 0 806 386 395 920 554 959 0 371 527 124 0 218 0 
553 457 881 0 223 0 864 263 192 584 884 0 0 725 0 574 
351 266 440 139 0 175 0 341 304 393 0 416 561 0 0 0 
257 37 431 79 0 0 263 975 356 846 433 0 473 737 790 411 
920 911 344 579 621 552 0 802 582 651 68 6 942 928 715 1 
655 560 441 249 513 949 868 0 0 0 813 677 639 479 655 731 
924 105 212 0 33 482 0 177 0 973 374 764 143 0 0 945 
11 553 491 212 0 284 311 781 934 0 1000 367 0 746 585 568 
459 43 698 823 36 349 168 920 237 988 0 927 807 0 740 0 
459 55 72 490 39 768 873 740 900 285 0 0 0 670 0 592 
369 891 382 407 0 549 415 406 591 0 531 682 0 158 107 0 
371 628 625 580 0 523 564 0 792 713 551 41 210 0 0 488 
135 961 715 69 897 592 0 742 855 0 406 85 191 0 0 0 
0 794 0 966 151 639 59 541 160 334 0 189 880 511 161 0 
