1000
-449186 400115
-142961 412854
131884 200171
854488 108572
-21323 -493380
304655 46795
988862 -797907
-461088 -92331
940481 -163244
661092 345046
-772243 -519578
812735 28502
95595 504040
-86571 -725059
-601156 -638642
684434 -474169
527817 607467
913508 -19628
-920990 990183
535036 -714107
-328252 -41440
35007 250713
-202121 -779478
-106657 -719994
95757 326380
293216 206074
227891 -83374
391283 -173181
167576 -215056
-685597 -482272
-177163 448213
801170 541703
-99874 671851
-387395 116901
-292871 -828893
-704390 -661167
774566 -713854
873034 486282
-133717 981612
271866 949170
-996626 -657685
-320497 216126
308959 334097
-186256 -504193
-212239 625278
524845 744481
276960 89868
384374 903484
718076 -931545
-662194 -659435
-628442 -67361
480711 272496
-169669 -80165
517594 -903145
-307637 759925
-277464 -434238
-33966 482086
352179 802630
393546 -629495
-35816 864465
900666 -983
576983 82708
-504685 -973353
159921 -290220
-850597 -155152
447883 -412968
688196 -515009
601549 220457
-850657 327297
-127416 881758
28347 -777357
-751668 -790230
634124 -201905
-250366 850841
-423097 -366387
-351650 -559791
473034 653175
-36519 -877886
324536 156885
-355228 213187
114471 180050
435727 465623
889535 656378
325878 828867
253923 583858
282634 114979
-85107 91231
-25685 474274
224960 441659
-711105 -599009
253932 572345
524197 203870
237976 137466
671664 757777
858223 855072
675528 -662296
261026 -437163
173085 247138
-936415 641900
265081 -674418
817542 -556574
18506 -975068
-297447 -917547
-828972 765618
626212 -845421
-971088 -665417
-806174 -321609
-13467 456040
-919198 -413881
-398904 -894115
-311918 837687
477278 339341
-390845 -826235
856324 -109782
-921616 59097
-451692 422805
680153 -552377
130173 -948884
-655143 481440
909854 881886
229822 -632894
-56684 -32893
-481867 985905
404898 371697
709145 -321521
-691761 -94404
214724 788951
606926 -188327
-173228 -807179
-198423 -621727
-620002 -636914
-230317 3785
395562 -54167
-786157 -486762
416397 363686
673897 958544
-563880 826439
-15094 211900
-671020 992903
-483184 918247
396737 882190
-806823 -184926
528017 -818412
-792547 825912
184336 3785
-904369 279016
83529 -348788
-27281 -507262
-50805 106989
-724830 586889
-351804 -589328
50014 106233
-946505 -217428
598748 347329
429104 -443204
1164 257948
-197 -899373
-432885 596415
474268 -376028
-15192 739721
-500130 -426445
-668421 846260
244470 476390
804000 802047
-122922 -255188
-11544 -876087
367372 744691
-919253 -411603
-318305 610222
804784 252919
-710352 226434
906982 -238746
-632329 -183475
38211 350598
317314 973182
-616493 470240
320003 202629
492445 -171468
656421 -416024
113415 -195226
499849 -568792
643144 -99794
-649595 -636944
925377 -984854
360951 639133
589731 369655
21777 -287841
-290089 251834
986412 -535747
-237942 -795716
59576 435027
372203 -146413
-9650 -705666
548839 -592844
-670614 -38988
271544 743438
-997973 753790
557875 -179035
462714 -546140
-442410 -818952
-197785 224106
-713881 -558457
-294996 62638
-984116 -777280
-510260 -420061
922131 251267
88174 -218298
-57277 -548403
753043 -712279
78235 169724
-391795 760816
487008 690921
616584 352636
-136813 -440979
-94434 597531
-106066 -682688
350293 219681
429641 -431892
495630 839283
3150 -176002
504626 67539
-177820 179284
-219530 511442
125062 184438
-127829 -926972
-111887 101647
-125451 385252
647486 614290
822558 -55093
-184391 -448628
-77587 -753097
-237294 403163
-425343 717230
-785860 688673
349193 380519
-389267 -175226
-9882 19843
-121503 -338030
933773 590650
15490 -962707
503984 -193077
-393216 264444
179325 -79691
154099 -757818
42718 -299296
336195 378177
-876941 639663
-982016 -142831
-701411 943545
93705 563432
34832 -71103
433096 84920
-230202 644105
-494644 -362909
-273687 686080
288884 897710
655771 245892
-327238 347955
-705021 -29200
156172 -125018
-494525 336520
543175 -852925
-954772 548761
610712 -8265
304270 135530
38199 478058
957019 483899
299341 719078
-209282 438409
936441 -654894
320594 -765708
303216 297870
-192570 65424
-698088 -936225
211333 -925640
-522693 -159262
163464 -524964
-462240 -99392
408924 883791
-426171 -160540
322106 -263460
-598008 514627
-106070 -302547
-336473 408020
-979972 -960409
-855834 -747503
-240051 393587
-44056 -194600
469210 272458
483723 -124958
525649 -925773
862644 -777883
185733 -520231
875580 415986
-529040 -605838
544194 -87116
-825560 947213
798387 -905693
744587 -365950
-196927 -835811
430170 -43637
-242954 -766667
82723 848387
-78436 -329414
747426 -23215
628743 -257003
-62640 -883436
-1318 -478209
-167555 -174694
321461 -337569
467965 837115
471429 77312
-525346 -142546
-629053 824653
-753779 -291765
-677145 210805
421612 -69245
-265083 -683147
-923241 -90253
-685759 -272457
-207922 313302
-792660 -156779
-729566 965146
896261 754180
-969465 -949237
-880828 263818
674225 -377127
568264 277451
606589 -172879
930313 -799944
-214822 -883076
-929397 -765603
397302 -948874
-628003 -142125
-655065 181151
-149457 99691
726761 357761
969921 206407
295966 103182
72347 448653
-206492 -236288
-290157 -860832
221532 597351
-396552 151962
80745 690713
-985582 197098
62603 -34834
-803068 269561
447592 -265140
-850803 444738
811803 469369
253341 -806017
731320 -41660
332838 876387
343939 673412
-542539 -540668
-878016 44220
-815353 100055
-940879 730273
457052 -779240
-650752 -803962
-575488 -179214
156953 -796571
160559 -785044
730074 822452
-127250 -296293
-413263 -431672
574540 -470803
-574039 942579
55802 964597
-271017 673337
564198 -717828
994309 -725619
204899 979973
-301460 318235
412832 -944962
-382392 138405
17438 -314984
534074 -45450
-653259 31816
-244961 -130852
703662 -610312
-540142 181147
180759 -623515
685263 906652
49934 -325593
237644 616429
348979 464848
-780397 699182
-833284 331391
-549298 -902209
-809405 624820
866856 702588
-404804 -773633
-715551 -344238
-722711 -618826
737385 -867890
439845 600081
326330 -860998
948979 -140182
510804 581883
816632 -283523
467223 -989401
668721 200323
-984443 218546
-459479 948637
735169 296998
674187 490038
396388 563475
70968 49001
823320 80879
757095 -300826
907344 615197
802565 -43305
301617 -186693
-57341 832590
-516430 951674
295430 -744983
-646639 482271
128703 -173685
-827563 -468580
-718934 -137009
441284 -747880
701030 -185207
-950699 774124
-291743 -599294
369417 -453569
-873936 650863
440368 424899
409842 337539
-580512 730393
-228214 -258872
-212992 -860520
-211560 -551850
197581 -842425
282893 468055
917262 119161
-877984 -606287
414303 -328683
172301 -895479
185812 847718
-217026 -427343
416684 721863
173178 -375286
970051 -416887
526815 798633
-249580 -622410
348200 -586059
-921657 -490576
-899690 -658550
322922 -495023
341496 -430487
-84791 937741
-76196 42921
913367 372839
515367 885762
728111 -195845
698193 744398
461468 -68241
263713 -195156
348045 321786
-736946 460825
735608 -634452
155072 -97278
-207183 -127994
531308 253171
861809 517533
-74083 983905
-534161 -649424
-635121 999301
-324009 518023
798413 -918762
-362601 -641868
-21892 895669
867924 -2000
490176 609101
147511 -284502
638388 -710504
62360 503479
447320 -103393
126448 -562014
971358 -680837
6368 -21459
-901818 -774838
893638 229371
758635 174081
-871036 -799243
191881 -89368
-969859 -122658
-235765 -846957
874221 -712340
938381 865148
98052 -201103
844563 -903426
-54964 -537829
507460 548728
954730 774240
786460 -269870
-438523 41498
699473 -419673
-460154 938095
-787657 -605527
744287 699468
413721 -456239
541310 -497191
-527460 -825557
-576379 235224
508710 -897277
15756 652613
199895 -774164
386603 68083
89978 405657
-211072 -61705
628986 -250065
-976154 215548
487584 -731724
104932 -298918
355909 -861326
-358158 468368
746643 -781498
-422814 -603248
656846 81407
9855 189139
-166431 305796
346110 -604371
595159 889024
391579 694218
157198 103017
601226 636868
932527 515956
-792702 -615770
681985 -240373
-608526 502863
235261 532646
9632 -672308
-571835 745393
166117 -454758
152043 137639
235493 -46080
-270784 819496
-349561 -344540
-71608 982989
-121366 -303858
-287820 536439
-3479 721012
-372384 -56098
8528 -413444
-192280 304310
-572419 190759
-300123 354057
282229 -408506
639675 -618175
340755 -863067
-636447 -512565
-414510 -786982
406192 -53820
305041 791600
654912 -451727
-975934 236416
553399 779628
-925713 335858
-131435 89039
425164 -735763
228953 -968456
123330 13077
405831 146913
-248431 -338606
301752 403923
761891 -321973
752775 838590
-995624 -263131
36141 116530
-36334 -692138
-373815 10514
-92162 -200276
-837443 -629789
-474034 -81953
-690797 -563000
-714998 891296
-909738 -376771
590499 832549
235693 565861
-307506 803346
-261078 338834
132528 -543364
206540 -624865
-899000 198442
-814080 358315
941772 326894
-610910 -82946
-78539 427231
638305 -231003
798496 -553247
359149 495761
-25926 562479
-646603 -354481
-213065 -534657
7062 761172
315809 41999
62102 -199883
-500391 -917977
-734564 -459478
-5333 -417749
450310 -204736
-854607 759848
-395629 -671867
-900734 -49325
285228 978442
883049 -344837
74017 -980606
564519 -298866
18005 889686
899223 -235177
-796420 5321
-978175 -550065
-208236 418278
-639935 -471699
-244500 -523851
642299 666033
594631 259262
146950 -608129
773718 -461449
-178827 -666905
413324 -133530
200230 245885
-539224 615885
-288537 61017
439833 -851028
-498851 831727
565858 749732
-637954 -936847
-282083 -418240
634523 298929
374233 -564950
771513 83988
-528253 181166
638683 -763237
-467722 -898265
-290745 628751
50406 -758994
347116 -403577
138973 -865884
268801 208794
-778203 -719520
-617398 -24822
398601 53906
-295956 58938
-571427 490337
-277122 -624511
118744 602444
373542 422296
-407437 -889565
-952565 518711
-211397 367755
948997 -498004
-857127 -231801
-966441 737340
-747142 101128
82809 -850299
763298 446223
-974614 -105407
-525499 -71529
95806 -490689
-116405 -297541
35061 -994556
941294 -747482
-119444 -318481
901704 509481
-487447 -477285
-352622 -222982
323378 880885
306020 -760290
-643077 620285
-167160 757489
-570769 -43339
-795327 -960883
467233 -625228
147993 -102522
-113729 407792
-580107 173380
487543 400282
-142766 -504481
-533327 -610559
659410 -949149
649005 589853
549194 -57650
-853920 -579018
60023 563948
992116 -29609
-502757 578163
324247 159862
506432 -891881
-928176 -764636
-831440 792998
-533891 -371733
-226015 210953
681229 269055
158102 -824800
557576 -961961
124426 -424750
716191 -661616
-474102 436463
543230 847836
63645 -644466
735994 -611869
196292 958214
-665918 -783748
-650794 -333242
-625933 954272
806476 -417575
-24436 987623
-961241 -355448
-762832 173047
198011 -195492
-618538 -409945
903491 -632786
728761 -856947
-336888 651726
-574890 -616009
-71368 -878074
-607628 -938819
-539013 183476
11223 -553587
462968 -659710
-567362 -357625
-198874 222808
221532 -85463
152402 249516
149830 -831808
-378203 549858
48415 -813063
-827525 -653217
823216 -590881
-637517 827485
-51727 -532506
197555 -786142
-876230 -247897
-288232 -279373
-147495 765638
-113805 130267
-604181 -816476
-706394 -121983
121374 511624
326547 -36031
471759 879227
805732 -116289
-508300 -946849
-115106 -352167
250397 -193039
191560 80073
169723 -140190
-970165 836772
520458 -65966
-255862 -482774
799253 -979665
-233216 -120812
-136413 832225
16719 61367
411389 -117170
-498368 202264
-519242 -86974
-36201 554716
-341214 -730558
-885188 920690
208594 -994567
863990 -552678
182078 205461
303145 -525421
733431 202966
-819756 -857135
-411512 -420883
774092 -157586
607534 -312763
-677510 -763312
762381 591635
-499088 807691
-145277 997854
-259953 -39765
-91564 -173088
-102431 61855
-263732 -362330
248104 358411
-65470 -803614
289075 -634270
-261446 -489293
-560257 -522231
514655 -86415
835273 -889147
651262 -413738
-767919 29695
136064 -132977
528256 782732
603659 478056
-167491 842130
498412 -488504
180094 995142
999085 120933
-233934 -822850
919352 341398
532306 903890
-278252 540315
-845671 889839
-391841 -251644
-682585 -706547
-843152 108864
-258801 -453929
-526375 987815
-624248 49828
902087 167263
923533 -859413
-861868 -357258
950732 -518455
-727705 992794
675619 135071
-666919 887455
-96756 -413000
859820 943660
-321979 272137
7071 141512
398058 -558439
572836 364067
-25594 73990
-383272 77667
-922318 -695010
-705347 116340
785777 -774303
-706297 -174265
661198 -851732
-311880 -619549
173595 -393746
-71559 -729940
-126298 409047
-35618 -673680
579139 -807433
-793065 347130
256283 432923
799664 2855
229526 -955142
101487 -680144
-644963 170647
615705 -283267
-264631 -116674
222199 -839626
482361 17072
721247 674607
20358 581287
453595 -524577
464825 -27441
-720770 -289008
42379 -871924
-918035 105139
-602257 -479211
785959 -321436
-621299 -412130
975162 -492247
-523042 564511
986527 145225
-915400 -912984
155562 -383982
-634261 799165
45834 -717892
943608 304086
-188794 -698300
249016 -745036
184500 404041
552965 46936
-162296 892574
787316 181333
-284917 252912
-846706 535820
11644 -51257
-229569 730003
266255 740810
460530 -665504
-51902 -42123
404228 456318
-17818 150548
59183 -942919
248114 -674289
853069 126001
-759626 -500274
-266861 -141888
-998863 -377917
435877 565218
63628 591750
800112 -339817
424442 3554
-452376 -206026
-588407 636466
-409476 -15926
-93308 -811275
-642987 51610
803379 -586503
-161153 -130814
146822 -604107
-404366 192009
662877 -19836
735106 -62948
-457358 -38078
384748 -909433
555731 -111369
519484 -591573
-964851 -28580
-709934 -759470
737901 -850381
-636710 867559
-419480 -651043
593689 112544
-210166 -909471
-711143 168598
207330 -403756
123895 -593829
895270 109874
685219 794622
638014 -309343
629168 479244
418676 -458129
-58526 197934
-975985 -206954
334257 865805
201294 543204
141168 430581
-852074 -194066
505415 -414284
883675 -601922
-467491 45593
-41558 -274920
724414 968232
454317 -915506
-940770 -249362
792526 -22628
138057 419250
366301 380835
931658 554194
-701835 950979
-652341 -704209
464674 -757759
-980190 -156555
897054 -676186
977710 -524819
80593 372156
148676 435255
526681 574025
215152 820145
976958 839491
551971 -279511
561300 597653
-615811 -563716
532201 -696884
-141330 -511039
506016 -592142
61074 239348
189894 792300
419700 -317368
651537 -358885
-678534 -683663
-377545 466608
652805 -154744
-388396 -151161
-408364 226414
-352325 973183
-592825 993712
-284691 -531603
956911 -188151
-627836 -958565
360282 466290
-564783 516798
-602425 960756
322643 -533194
-931005 501381
-402436 766167
-552063 -343784
9337 688070
-845603 956022
-18143 506730
679313 -169701
-168134 78573
-275036 654728
-534107 63964
-25518 -404211
996192 599501
-3245 514786
170037 607775
-514370 -308026
-895334 84989
770880 -371535
-86581 761038
274965 -444231
323088 173209
-515017 918738
562759 -70216
-538294 -210815
-765674 -704585
-151683 -996731
-786260 -470258
387519 686275
710056 380611
606284 -737019
-950775 51407
796578 -882594
