46
996204 -113980
-369245 696888
-701850 -419265
-361091 871156
995169 -569280
886703 -525388
879663 -172063
-755032 -214267
253962 242792
-231921 -960036
572876 608862
161616 -492455
-618021 -362817
163596 145
-454099 333671
-613560 477566
534898 -810318
-297976 88801
-737616 -432386
-981687 -183787
42668 515751
-631582 622169
-414010 -904705
984142 905549
50513 307996
139295 515540
-230459 -400914
-989796 -721756
-971432 846302
464364 425784
562383 -962262
-667019 140192
204041 28216
-490283 582622
547606 -383828
375090 22303
607930 287203
-502334 -855827
628798 179244
-693303 -558432
410229 -359908
801773 187006
656850 -66163
21412 -777943
973929 -119932
180632 675298
