1000
883653 -757487
-895634 411990
223773 -623044
-831742 446837
-183417 -966335
-597417 -986483
361805 -443198
193598 -651022
399742 727367
-47569 816554
504755 -245295
-222635 -526121
614313 985022
-59768 451376
579391 -170249
258827 -75832
-561325 -802529
952843 -597190
984824 -176173
467494 265113
-141152 -125730
160835 -185901
910737 -614219
-632497 181195
955542 -168978
595576 -841345
-572354 266681
-496269 122936
-570249 358643
290359 656546
-278252 -394647
19451 169079
-439156 -749810
278166 -20009
-310184 147782
-196929 -265547
-859824 -683785
441566 472046
436169 751110
649281 540075
462331 868991
-593958 -776342
300258 -502006
167470 597595
67365 -705923
599637 300388
30608 49714
-940605 446713
624231 956593
282698 -996328
-762404 -320426
-58119 -416285
-845989 -671743
420516 539011
-225585 943435
-997781 -289157
847828 -833815
-10437 -786886
-28122 912227
679817 212386
836473 -3122
-746983 246460
-566831 -518272
832121 237329
801753 395092
-230676 -184552
-911369 8089
-201149 544248
872856 -760594
-486759 532857
819789 -625926
-260374 -861676
-200483 150948
-830551 -148221
211682 630978
967942 533253
351751 -121575
864291 -455502
-748573 735156
865921 803691
745741 519730
502636 938725
-293790 310766
-396292 -655528
-444423 -144146
651571 -650952
-274096 829033
-681075 -351878
-714152 -897563
851398 -46678
-348390 57993
-972849 407483
-959260 -442823
629975 -267960
87710 -832009
-621944 559353
41514 -213996
104937 183780
-493472 965973
320468 -151355
451946 428200
985096 -363992
307937 867946
971976 -101025
-489803 -530766
499231 -229758
-448318 -358417
106707 -877008
-119360 58119
-816063 -588199
-113017 -341936
-314924 670597
816390 -950389
751896 -927818
-680436 -396076
175564 -499011
788840 -873643
799025 -712823
-437392 -444386
-939623 180064
510291 -204686
914294 -47705
586430 867902
-656485 -443048
-522746 -847211
759417 -988602
368513 -30552
405369 466177
-824362 -201871
-228437 152706
672641 157176
-969885 -463392
-199979 -579532
13252 604566
536335 143631
-938115 -589207
540365 -108766
53907 -658581
-633302 116468
823258 889190
478770 192138
664553 -15325
769497 515575
-580702 781991
277565 -565472
557835 555499
788246 -631682
54389 624858
751104 888648
-627846 -324486
852268 340549
-358726 157877
-583063 846555
-471239 -962035
688793 242493
194470 84144
-857262 -499636
908640 843529
410941 -90291
880389 -749860
355863 -941492
986107 -557889
597475 455768
902027 -859151
-808219 -427422
872850 -669872
972349 394314
-305178 -92150
141223 550906
-621162 463925
864977 -336413
-303996 32087
-945127 851180
490735 752021
347815 504380
395451 456484
-225012 690840
-874344 587793
859736 282899
688805 441435
35801 -231993
-700921 834074
-8603 -888193
171462 220918
484861 972446
928153 731024
55265 -350545
-255278 233028
-975568 -363155
-230574 877563
170060 -583112
316553 226940
409438 -208558
824926 -280527
395317 168897
901462 -980052
664154 200218
777816 -76781
712212 -137109
196391 -875608
-359150 885852
-779655 -772688
-39435 316770
512475 236481
-713180 570617
-367074 -860288
996205 574841
-616655 -806967
309398 -669093
529671 -70314
973767 -798697
-898070 -501476
222213 -933581
288251 -959975
567386 -718114
-236442 689309
-494188 -479038
-517625 -762560
-427850 220058
-127923 -460863
-117111 -21818
279 -335822
-778756 580934
-516751 -54782
355706 351749
924815 -85738
582701 741028
22000 955518
-514430 722944
290350 721317
950368 -948941
249089 -9288
145450 936638
799282 -613336
-984401 -52698
-140712 538365
-630294 -591512
-782367 916839
-949453 -961665
924771 502592
-226232 -338681
545043 894257
100717 -498623
945528 -383070
-693851 583985
-237151 -271906
994375 401787
103903 498387
-211298 -142034
369339 711300
415885 218413
-679405 -697620
276043 602183
525105 -344727
420350 -303948
529293 97329
584461 -378672
260250 297573
-658743 129038
-395650 532924
-707661 329601
918574 164188
-177691 776618
-788925 19147
-212632 626873
-149072 -651621
-588336 328332
931051 -631765
51015 -839868
702873 782118
235563 -974108
190538 36426
58865 -435106
-925898 789685
829410 939356
-258367 -250949
640809 61431
-270411 -489492
-174928 439303
-404567 796599
509829 -307790
-39872 811601
714210 -878950
-340239 731636
488787 -473119
708165 88553
931308 350806
45786 -890143
437452 -952055
11070 313249
-845951 548315
667746 335891
-128951 -507351
-598710 -404482
44554 236571
685924 -761208
987629 910576
291769 127250
-53294 943162
-703198 -199217
-520536 -465657
-82260 -191622
-800930 856094
-707668 -242336
416820 104870
-96857 741308
529318 -26579
-598596 800963
-492649 -722647
-735853 -71121
972246 -110966
126785 -839025
-927829 7112
-523259 328964
374090 133487
-403223 -426818
469235 -589832
840583 765617
741873 -300250
-984740 -602597
673340 949211
-491129 -44270
-431536 530961
693881 -542339
922697 -754052
885298 515526
-771470 966565
224790 351922
-53042 483561
-713566 579143
892930 219527
89017 383725
541424 -650000
-215825 903373
-976784 747917
596994 935961
642351 -237605
-39493 59786
564674 855353
595821 613028
-937697 816075
-332853 545940
770881 -718647
-899039 -250691
309973 -524424
-583561 -422796
-296810 -940838
-764450 -846473
603338 753538
-476669 -612005
-124298 123242
682492 751809
-116848 -430914
100676 678386
-988605 -955253
271530 127529
67435 527717
953488 96444
-960206 139153
-835519 -747308
728908 -95455
833762 -651221
-957326 471938
-5548 -65016
-153885 -912338
-138868 419192
-332950 813795
-543116 489116
473072 -54344
914378 582118
84064 625860
880131 -67435
-804097 917634
637291 170218
65334 545305
171136 -801791
-553199 450231
-527998 510328
-173563 495209
914554 -314764
332844 688006
-503013 148101
-865310 774365
-68540 417549
964024 421385
781435 -672967
-99242 461958
719031 -740958
874964 544367
-396658 444260
-617242 995383
-906799 958577
-635309 132013
436339 -536332
89301 -188000
-127444 838187
626883 989547
-257291 568353
611174 164472
-987645 -21988
109787 575623
-138089 228246
-407068 865931
-617664 -872671
319414 -592323
974845 15550
51189 -615310
-891253 -345110
338740 409682
-20292 -592737
833385 -702581
823137 -241688
-615927 776822
63685 44750
817635 472918
99612 -489124
-717450 -946020
-601751 800257
584618 -929117
65168 64476
-507424 549585
-926887 364055
815164 216056
-793566 725496
-350230 -334553
580358 -949556
673584 -308667
-304901 388109
864588 -977116
-10465 888344
560589 20410
574622 857399
658349 330535
404801 -754160
-3024 -123438
581107 849305
574532 114381
672017 -40785
260851 71756
859110 557576
-912224 32026
-635709 267352
574415 905200
-636370 -635389
83590 -571450
428744 -945172
-711398 -922555
800900 194754
-88986 225991
310539 -992475
-528030 -26253
-558886 418616
-217412 -731020
902470 -80939
-904628 416751
436396 -692765
-660714 438793
757216 -752831
-819818 345715
-985300 -599058
-272777 139623
444854 -588774
65711 600053
-243467 184867
198522 408246
542876 812919
-481781 298874
-557264 625319
-96315 -297664
-247826 987050
278589 -554384
20114 -413064
70537 827399
-978887 912016
-640352 -591270
-316770 542583
-574052 722156
241417 524400
-965999 537999
-835468 -309140
-631819 -663348
-247058 392574
-820192 688324
188435 279951
-779057 123620
913804 -252971
-639592 -494740
783265 198287
790042 -840307
925569 -293883
653472 604745
424046 337036
266745 -825785
214852 997793
445760 310955
-253862 577158
533046 790211
-637509 667169
506716 392871
-463014 581638
-360708 937334
-437353 -486161
-883085 584003
-697112 99403
827690 192121
494649 -120092
-49078 -570366
567409 -687224
545802 -408485
902596 -165041
275116 -762316
-841765 602159
677868 379383
-318997 22060
-521404 -351600
455448 -186275
-231334 33337
502333 -827423
-281376 196281
433347 -727172
952079 751519
-823141 520488
-683986 -279269
246965 413507
319066 -862527
467426 39349
427643 982206
824742 332082
386152 26116
559542 -466059
967166 -345605
-472199 183164
348734 647480
-113271 -494364
-744424 564825
669842 421035
14168 12900
630118 -469636
908382 -123075
492071 -745794
129927 -475974
982174 320956
-553323 -121664
-720981 -810811
-43552 -348780
-959677 -142722
-80369 -707115
458746 -164850
795753 -193740
-697473 -185770
-817974 857764
-726198 26554
912423 -488022
-61911 -168583
296336 -973184
925375 -308343
-937311 742755
-445704 -286185
-160877 -345178
-860037 376432
-139822 -906172
-815891 -375044
-232156 476800
-730872 -744602
917960 643347
9273 -734528
784577 -782069
489065 -217304
114411 -622081
-584425 277083
922092 492616
680760 -20332
-312325 326857
-242393 577541
-768819 -981435
-342427 -876508
227821 -444748
883649 -767876
-34551 288971
-298653 123991
-794220 392616
-360478 370555
32368 -712336
27390 22705
-496365 -530682
-703291 -103218
335033 236181
360995 288079
-92864 -555320
112121 -976771
-134881 994247
-340184 522598
-367437 155999
296814 896519
-228883 -181429
-550840 908272
917226 -55431
607597 -98796
-829368 -50251
-488973 535501
476785 -211243
-645804 -377311
195533 555773
-948122 -951081
333216 -993055
-548961 877882
626442 333329
-112539 547732
275918 925337
139603 627117
-283878 -355617
991357 -159270
-67595 -832054
490893 55938
-147122 -325421
-597151 -163379
-515397 -340609
-797563 104252
423392 -127199
476679 92198
168999 69263
276515 259206
-186631 -615434
719985 -301444
633329 -370303
-546250 -833818
-805005 -358856
-192267 -560862
-617837 8712
-905801 -191016
618692 -164741
553076 929218
155618 727527
-695127 -279954
-874696 739480
-403289 -92696
811071 -703237
339299 814337
573522 811008
59489 129838
-747428 173566
-696652 -360899
-176228 -399172
690512 445224
-444513 566049
811255 -989298
-887257 -808876
406102 -756927
-54830 284995
-416887 326600
-819157 -634397
-118629 -262847
-942289 948329
-28475 -716326
-934442 289153
407492 -405673
-396981 -535757
-909835 -555840
-180769 -60801
-767249 -285918
743088 864329
-754691 422913
405674 -543682
372251 -224625
-738999 616773
69939 608825
576870 -383570
528799 -143735
-174138 -770212
178978 -62
338192 -459352
47395 -952861
408336 691650
-269698 894793
-513095 -436936
781845 671297
-168180 198170
118046 -239634
-295763 -311396
-458721 354220
-768996 459907
-94316 -969149
833324 -21740
-63816 -580007
-358385 -601395
702543 102002
568111 577668
-798502 -37451
-143210 147385
-104358 373652
523829 428018
-934740 -166352
880403 -214356
-284037 678596
-172778 72196
902575 -676222
-61268 -851064
-604911 352411
480772 173155
-741687 87274
65063 562572
853095 353066
-21911 -540810
-631911 -506232
49661 108181
-843904 451377
645934 -225122
468332 268058
217680 549895
-559110 824631
-694688 573768
907705 249808
400465 483956
827659 123509
965306 -681120
-491228 -467959
-106791 24918
502154 -182161
-151647 -428024
-258870 -743974
651753 309139
-45831 572505
904076 -945697
649884 511795
338068 -597508
907517 714329
832030 -540319
261536 193760
328251 -443375
-738176 698575
933291 -696830
825393 -357329
-291702 -649287
434453 589442
580642 803674
-514661 -14067
223107 402705
-29225 81949
-187225 -66484
847550 658389
-579705 359841
-940239 846326
-120318 -105878
679256 -847634
-716005 -187433
-106094 362934
371340 204093
-892345 403723
568609 505196
-620885 193964
-325431 288381
356398 187071
-812874 -607284
903203 625692
-516325 562052
-557187 993533
-997225 407851
-138858 -905322
-237907 -684893
-611324 -644852
-226624 323814
616300 587723
-996440 -493059
-695985 319029
436275 -190451
914802 -368840
-212186 727721
-689716 -771285
-99571 -742517
337112 -419503
-938705 196671
-618112 -444450
680307 -251026
987487 -180887
288832 772486
498508 -823782
88931 288351
46258 -297932
773269 -361706
747793 -706401
84126 631308
-812408 86723
868917 -725427
-282328 -100718
61137 7948
-375168 250408
204681 -487468
-671489 -429528
-570739 806894
12108 -324083
-151103 -152615
-861090 316642
-441317 -500795
87329 979385
653027 -50247
826283 -244256
174265 -761940
59293 -632507
-780595 703570
-110605 519314
-316258 41825
-762024 549572
154587 -485489
395037 32235
-825198 -510022
629564 882202
9068 421848
-785550 -567135
-296145 -889086
-712661 550275
774461 -103960
207377 724793
-608709 653313
-412269 -136346
532258 -847619
-888776 165053
-745317 266967
-491277 331576
-631940 -723289
-237756 124596
840070 890549
-351298 398663
391421 914054
-333643 -872390
-380347 870334
-633371 163805
-147063 -920374
387915 -85818
261506 306729
-456747 -32560
958323 842828
457805 -871566
-988346 -893138
318048 -824902
915828 -149533
-771978 880258
339112 -815646
362839 -820733
-768888 -959903
224296 408257
393153 718215
-279974 -639567
387245 -298671
-216582 -298960
-274977 849424
899602 -648029
-925600 -601923
-485246 -428366
476535 368262
-953979 182391
-785294 576524
85559 803588
-99666 167368
13717 983721
302384 768231
592207 460916
195630 -473642
-771755 656370
4254 692045
-669881 -466555
-763597 114349
-262629 4658
-922736 505839
-45308 998483
254845 676283
509418 -449681
820626 324973
445019 279623
-412087 182641
826514 -61242
590339 -483979
193098 -231067
-888827 962597
-639374 16490
-211574 428127
-319643 7892
-770985 -66022
-158086 -594899
94413 364415
-650861 279255
-41560 786797
102129 -626282
-55570 942984
528100 121774
-676173 -922619
689869 -465831
-899465 -113387
139208 -509916
-298542 -904495
305201 228273
-24069 980172
-124159 -122918
887506 154604
-972389 -751926
540931 517838
-308155 727691
523609 -676696
-18831 -447437
-475828 -954645
-717677 316415
578693 961535
673494 875027
-125792 956044
523116 -260497
-866725 171928
517813 901187
780686 -748361
96715 -16629
-736007 260483
348536 127181
849255 -117782
28866 320178
436586 -67768
-277772 -918673
-675442 -266250
-419317 885998
-680547 200869
31821 -747361
-903511 -410669
78477 -275459
151533 -26453
-413634 -787080
-908140 762731
693148 207234
404377 402785
627807 594284
924008 609603
-374941 782852
378810 -579927
-552459 348525
-730999 81995
-953703 935055
-171331 -834062
-374300 -789499
614707 238734
-815315 563780
-250665 378645
866267 -725706
142249 187343
606830 -203912
-100817 708264
620052 -715201
-350199 935273
-210576 613640
831563 403242
-151994 408670
525304 556973
-730874 -380382
-349860 184510
-748741 451397
-435723 -243214
-368638 614626
-646575 661577
-911554 137652
-805982 571342
44004 558267
38040 883378
508869 321879
412599 -106634
961521 863348
-716601 96032
639861 522976
143552 -205540
-356842 792041
-661561 395743
-32918 550824
41400 810403
-696551 924030
-289142 -725169
-419690 -494071
-745784 -584837
-178816 -493628
861187 912154
-978091 -534311
687972 -935248
174308 -810675
563672 896318
252827 376336
-981757 -627653
-585915 -656512
787542 155165
-643222 88747
-568476 -747609
880099 -125913
-919756 619265
690556 197706
-140750 -422765
-713996 109877
-112721 728677
-693261 261322
-624650 -192490
980360 -101900
963281 -31142
444355 938792
-772306 -428811
855147 324088
-922405 -699131
-7098 235929
679544 -988175
-63417 655829
