1000
-972112 -287085
-47771 -6227
842259 636203
554499 -743840
761923 -869681
-859500 -336740
513862 -529211
-511196 670731
-224975 246281
923076 -246498
575706 -791210
956288 -427288
-54329 -786149
-505452 -936365
809795 253578
941613 883678
-514234 -410132
-930682 -440151
786938 266560
329142 -699612
-821468 269403
323982 992791
-921567 300856
-389920 -385553
-653624 656599
179740 -543354
-947850 -702496
-60516 741204
565942 30215
78835 770874
462800 747765
-245587 490199
-716044 -918756
-622429 -826508
-592521 109636
901253 415425
-661934 -756625
113332 -598610
-31445 396538
-679827 592331
238100 423550
474771 449226
-722587 -22452
213198 -410359
-866147 62209
911360 -970721
912424 -963158
224421 -888345
100040 154611
-612152 981993
194201 250488
233982 -885011
905562 944556
-218547 414638
208736 885786
-877770 -258937
-712540 578294
-297210 -722478
-698546 391332
216067 -834688
-11645 -113844
-597971 -593204
78861 733604
134529 453989
788632 972748
657219 234739
639635 345064
-534698 425689
-645625 174120
571094 -865196
-231637 951524
169842 -290572
407703 709274
279742 -564284
484381 -887862
13729 77597
844229 309272
523103 -304416
292373 93707
-713306 529229
-971500 -718574
463731 -833936
-49780 392078
148786 697013
-856676 673749
488347 -131820
-781720 159776
-590805 -298778
-803314 579243
-700983 243945
212784 254407
-852700 429158
-654640 -109843
767545 -36284
528117 875638
-494817 264570
126054 -85934
-106237 -32099
-344632 402596
-5757 921010
-757647 862590
-203740 -673253
461645 971501
936751 622413
786320 664323
-974908 -889717
60572 853345
-9919 -969821
476375 357445
-214460 -193478
228095 -443816
984855 -703705
104510 -459971
-922158 -62927
42629 281133
146368 815048
-897920 171646
-650929 388969
154837 137240
-318080 -360661
204021 427910
-379074 -670604
-603168 205744
405877 629847
-542946 -233020
-849094 974064
-138632 -258866
219759 137543
447136 -176988
-851677 64403
993828 -651070
878913 770954
-228998 -783622
3172 -304694
618686 -602605
521383 -276345
-799476 890800
-939892 -898668
-437727 489451
-807351 405232
-287086 769875
962128 -861698
-456739 377184
796862 408448
449493 -386082
-406136 -811607
332419 -445750
-909407 531681
-452652 446917
222046 315271
845848 -311865
727376 681865
148637 -744584
610594 96739
-750727 -561102
772436 -164493
-833564 34968
101058 33267
-32448 989982
-947978 277202
-94415 913671
692915 -739236
623425 701138
-283427 -331453
746619 -123901
-147269 -178083
-131135 -441149
-66982 90522
-489461 -60106
-710126 337292
459537 655864
610544 -851769
619243 65883
78427 705065
-50604 -701695
-132496 581994
255469 -633557
187700 818360
-983123 -181343
789965 149841
234248 -512814
179053 235426
-467432 506931
944653 -329664
145743 -282043
845689 165657
-109729 -237278
-506479 -584646
-734595 -503379
-398498 336587
405002 692180
-407974 444722
-192744 -800058
-801277 990392
-997256 643788
-167102 321751
890225 -571143
-230136 813898
-677320 283919
-473049 -637085
-36024 -98691
-186182 255210
786536 897686
585478 564763
630334 849584
-920791 485977
332877 -833174
751371 226798
-786415 -310477
850462 -900437
886149 20300
-821638 -604827
515810 -314334
-242235 630013
-407861 210942
580880 -819435
-486796 -929925
690800 946190
-511396 493734
418161 745471
-391690 -494235
-714776 -117546
-32418 883723
994497 332257
-103858 -88093
-747190 -393521
878326 -723079
-140701 274113
-857943 -977232
380877 34888
649040 929612
857047 -744605
923206 43211
314909 -945022
-793821 36230
-471878 -538645
561816 832163
-72733 -749994
224750 767028
190242 659053
-392548 745841
-638392 -76208
-703797 -88786
12509 -673143
662956 593404
-933130 -358880
-595509 797177
941886 14140
-823403 -408619
892904 360034
359616 571906
-383508 -889925
-618669 -335212
686423 -625091
-617238 140153
508298 428431
-74162 518084
-662506 378468
-477971 -153665
-151951 754230
-902792 68982
-725633 -141183
-946636 -227409
-574072 621647
134658 853949
102929 -187672
-228472 963841
772967 423271
404718 498432
314349 200284
732176 -532049
154636 223637
-777470 -836288
-31510 -322175
854278 -58842
-204580 -518964
-824288 354521
589333 -420600
-356262 762107
-525066 469319
-491157 -755491
-35276 2333
-386221 -927328
318347 -933293
-194479 609312
878439 -555247
958493 -752251
351715 -426878
208843 -552497
-867804 441011
518566 -107356
-507645 -190598
-386609 -297937
-706087 -746678
479250 -547278
-64614 -537313
314141 748916
-152436 759024
563624 782152
-687422 511000
324529 -153574
7295 -580527
398550 -108523
116384 -169506
-592486 -455386
-432460 -472966
632938 960214
322472 -607626
-817083 -4965
96174 242184
-381678 -411293
655303 698385
-131393 -895001
-914184 -279996
682783 -372110
-725190 -767869
-676403 855246
891684 -837276
-669281 865885
1118 -141007
-651373 706301
-138708 919510
920902 -517043
-362988 -362574
267648 167389
493168 873963
-726086 -542470
898922 666651
227113 55836
-693095 183347
-603757 -175548
359929 543592
-126762 -347820
209775 22301
-319164 -867230
740759 975547
-371894 875976
635771 -288670
-842262 76903
325825 -829085
-407326 -670528
-311029 196049
60445 200934
157519 562965
-639655 -816477
570052 -759888
850161 10670
-914449 -311075
-664241 282562
-222259 586375
337711 493495
-659664 376087
718911 -169248
-652593 934814
157108 -640156
-931376 171367
602263 843340
-65292 -427019
56642 -459622
1114 975897
590700 -610477
-942853 -630329
-825765 -93049
99653 -230309
708099 -660734
-426377 -142733
228919 849972
505560 -489011
957602 128784
137663 -799670
-691850 688067
945268 575666
986017 -21341
453702 -583897
-188113 267776
150081 791953
-101003 -718546
-422104 111895
449160 -398863
-479295 814045
-421204 -732220
-36236 736361
616608 533784
-500035 810128
706979 510745
-616307 -262017
-767067 -244467
564218 -518840
-751342 -694550
-433668 -915364
850319 -902284
-912352 -721194
-320901 288315
-170159 777986
426765 -126399
988907 -496021
67519 -960262
-130243 -814817
-541598 29677
-722990 28260
915512 -726634
-75989 -584023
-808795 -936040
-923672 -814006
706122 137763
-189253 444495
575749 186823
-134713 540351
622814 -218727
671227 310823
-453102 -263021
28657 -752892
199311 365809
36753 916624
-321915 937812
-851655 -235842
-682041 188338
-824921 605503
29392 37716
766594 -396335
-527139 288734
416427 250533
138409 -336896
657413 232581
268355 323911
-631587 668710
-974290 -385994
-989429 -410939
-92016 550362
-799860 31888
919360 -527065
-301760 417348
370523 -524808
323818 -274248
657745 616568
-63788 -38471
147079 701542
-705425 462556
-925590 608438
-609996 407870
-210308 -202170
313511 -80221
545934 144682
-697256 481030
687633 -205084
194733 269011
438146 459418
386062 -44773
613344 -175047
-960819 957602
-699901 997575
121537 -772593
-229659 244833
125856 -268740
-621596 933117
137224 933289
-254130 -347658
156128 351154
-833146 -545931
52257 -315169
384277 -760443
930311 981494
-360807 71859
494715 513045
-754328 510276
-837888 635389
-341554 -998257
-608689 379920
-248046 -327066
47641 757188
453178 -465368
30915 32538
-368141 -142984
-968473 -928113
278091 717905
438620 562606
206393 -136614
760536 -222629
904306 81757
420453 -603205
-184934 -564042
737606 357049
-755945 -993191
-148151 288094
-445967 106168
791527 -604417
453107 156758
729315 997438
337448 836952
-828936 -806872
-932266 409501
-938592 760820
435752 865478
-522178 202777
571640 122959
543924 894748
-809399 231106
192522 230378
-454553 33828
-800853 495361
961166 -709948
-969159 -146951
552105 -175117
947456 -114171
-166325 -116581
941826 981031
769784 -398133
159267 963176
-872099 432067
382411 729522
-380207 12277
-165376 -790938
-235669 -525245
-645470 244964
-631342 -319113
-227144 -179339
613250 -992764
-953294 356873
-958606 -484895
-432501 435547
-907780 -750457
-856779 910016
-650051 637801
-70199 -411357
-275942 -688165
56898 -713666
-295570 873578
807781 -343010
-737612 967120
622767 -657072
641567 327224
976512 96982
506973 -771189
402609 445144
-466396 -400381
-328077 -888909
-208237 954914
754380 -747027
-469707 916392
248679 736498
-958848 127472
-103527 -511700
160991 -951953
-958542 -122161
25133 947700
-842527 851390
-241381 -838924
200641 146077
286013 575130
754891 -27302
-170541 -968183
-50192 158430
925826 81502
-215472 613771
-929093 -59389
-604334 54106
12668 833570
369271 291442
716793 819290
-175848 343838
65075 310687
-259250 386896
-50722 -128946
142200 773866
31593 -555134
114342 -362475
-127706 619276
-685923 -838334
-446295 911566
-305999 -500126
64350 138852
-461425 -698908
561809 -314420
371669 -785733
884611 -458846
769553 -593402
12398 489334
93219 473864
979911 -701539
556461 -731028
324671 640997
-742799 690211
-791050 -580265
600711 -92104
-889741 -907101
272945 -552016
-716193 -930123
527754 156747
963640 702684
-821697 722984
24529 -32130
-850984 -944511
630112 463506
-657670 881150
872959 -827186
800600 -142885
186622 8921
-974316 -632984
-24982 656966
-243020 132520
-339455 250621
-233390 -347562
589846 181263
228441 513653
-87453 883741
-592950 -351857
323409 997960
868999 942771
649469 447816
502713 -800570
-771962 907239
417327 -223059
-522163 491303
770249 426032
356503 -563056
34120 -330788
797166 816407
-402900 522299
-585429 -817335
235563 432056
-29857 -178994
-937701 413927
-654243 57885
-848290 650284
-838822 343638
-386969 282039
703196 506199
-952420 77610
35684 459364
383604 -32013
-147324 309006
779923 -724058
-705694 639730
-791083 685640
157876 58677
-164818 -95600
229294 975018
992933 -309027
696705 -525354
-429539 -488546
-750927 -992712
969230 793067
-585125 611582
-569113 -83764
-516173 -981182
-777377 606017
753236 -941104
47864 -773502
-866746 943150
90736 -796544
909285 408796
-853299 565245
-650875 191475
-379473 218023
-24825 -470825
608313 -741238
291584 -344096
986320 -510216
-427726 -720131
554236 236328
494061 487759
-338730 518648
734216 35951
-257692 -860999
-873804 -43747
720889 755236
-898487 924428
940008 995705
-602833 833185
-783386 -223991
-594218 819580
-901502 188976
797605 -148791
-821963 871931
-762767 433178
-382900 -93381
183929 295288
572704 -87186
-967157 -954138
-9918 -188908
323591 334312
267820 -987606
-32521 -460680
-844983 405087
949176 965229
816543 543476
-24991 -974056
765862 -87836
126150 -25127
769478 815475
-11298 653294
-795740 -898225
-586390 663998
-912324 411328
695455 96979
-450701 574660
695365 -324578
-445945 570675
-222318 -876730
-579546 -831611
675871 224084
288368 36805
227261 868142
668221 928744
-436416 698462
-223528 -50520
-192538 -531521
-51955 893244
457141 -92411
62003 235328
743829 12294
147867 370769
144422 834430
-819782 815807
769663 974587
315127 742927
-253434 -440786
260309 -870279
484068 919272
17082 -210744
-774347 -118786
13493 31557
502770 346605
319304 -97189
553932 -51538
-344475 174076
350929 -928267
-722355 776084
882275 760229
-684738 791040
-652303 111629
637124 -436006
98490 -992325
385795 210402
961923 266537
217989 -852842
701081 -62570
-733231 382808
-467034 289370
-438812 -916737
-688175 -694607
-568226 -843323
324562 -363056
2410 -194768
155677 853196
-940424 -215733
848356 -945031
461720 871714
-408415 -219595
-486608 511717
-507920 -449845
-24981 860543
-316475 -311365
482356 -258066
-739591 -366450
-27584 -2205
895485 713087
69394 -634905
459932 847639
11488 435090
-810854 -478820
-151494 -984820
577406 225321
-849964 406438
835469 559991
263356 -481365
-331012 298957
441159 -965263
-781210 96566
-49396 525713
-33854 -838513
737260 -741519
625820 -93996
972323 122271
-20595 -37832
765869 831724
-485692 921183
646656 753564
-348420 936887
-798205 239623
597893 -314070
-422383 -899680
-931233 -181906
495932 -198413
120726 937658
-456589 699720
-961644 -72943
-785864 -307494
-824703 36615
250313 822356
-256597 -799479
966850 -589686
194237 103952
-300582 -710754
-948792 -960471
344667 946285
346871 603655
274262 361227
508179 593155
-232196 690657
-517523 -647646
-833921 -748493
-750948 -663411
480901 -256384
-983475 639135
119361 -956919
-40191 695544
589758 -693737
48248 -912134
-979847 -697567
-951849 -724025
339709 828730
921483 777352
180850 915406
658372 242049
563789 -950089
307525 995513
367916 -474471
717964 -920752
246351 49735
735213 778204
-736793 743840
-219134 960917
-18581 891752
-838883 776982
-559672 -235894
-729699 848347
-870473 -659465
2077 -355311
-614071 -174647
-229512 -239216
107881 933680
-771245 699418
561488 -569912
-446291 -786469
-642756 -713951
759453 600604
-854279 -605870
243827 -891354
-896480 620299
-409349 57478
68554 -964733
-782866 -442910
179018 257551
244196 -494934
949274 53225
357653 37798
959237 287566
802276 -843760
233170 574055
111708 999478
-935438 666988
-724902 -700935
-261764 762474
468988 -577587
503826 -651359
465538 -283657
-908568 950772
-335617 -460740
-736455 -116819
878422 -569216
106516 62840
712566 -27951
618900 198216
941827 522779
-835999 -604244
670031 686194
-675265 956094
-827015 -505356
711974 -597724
-49454 313776
-432852 555404
29326 -189292
830517 -510750
405761 91830
-821154 185546
639581 -149365
-886215 796281
92101 947310
-870296 223895
308942 887367
-148988 906978
833150 -432374
-859690 213648
147633 -682120
269502 917102
726616 163086
-283499 282808
-323078 -290424
312649 83538
-409284 301105
-838252 250033
87675 41374
351624 -800451
967457 812049
811375 86666
-957707 -907016
934560 -408512
-841515 410785
-335441 -629650
156195 -431832
-201326 -812589
-138073 457793
922912 386428
76021 226190
-146943 -895320
609220 -352428
169778 -892699
-306470 -483958
205080 296906
58804 546758
-39582 114466
853715 -43539
373276 779745
-515752 -661928
895101 501679
-40787 -906241
36574 525812
788879 -172623
608422 -202312
-445250 -970981
704102 -678244
525898 162183
623133 363961
-481529 852897
-599660 -301125
-810865 -268451
814387 883608
836808 42981
-270143 804394
109163 935818
-336676 129517
265175 -812100
-681569 -465033
-433591 377119
208280 -785949
599012 -985526
-690290 -469692
-291853 -835278
240409 485344
-207381 -808192
621991 -240613
-921167 562297
789054 -67014
186699 93021
-532426 94364
976831 692167
-932672 94502
882168 -337809
795601 -288364
-498666 -394466
885547 -566366
-989902 -793693
-207858 131421
-288833 -203707
544123 708192
-372908 -814940
-858362 753494
175515 645105
-118402 480427
-311781 -289092
521838 324516
710729 -78951
835160 -448287
448823 -32385
391522 -76721
898036 368775
601503 279246
-888122 452280
-963272 -749296
437276 454831
-392315 518500
150790 -433711
-917911 -608048
-925779 787143
-621023 -472454
-195591 -945023
293206 -566436
-639104 66455
657007 -633090
-833750 -282042
289410 -189523
-189490 229810
-617589 698094
348863 230838
565432 166025
829113 640619
826994 573487
-304429 -828149
-797286 -804726
481727 -523999
-174933 490275
748230 624745
-118544 -717351
680654 -146500
-834539 79977
-964759 -481207
-371659 598606
23459 -91912
897096 -486323
