1000
839142 -689853
303454 -852840
171442 803965
-712778 -110805
-641462 -709994
169615 539823
-672109 756087
795080 922819
-825551 808947
-369802 -583024
662306 707588
863043 940628
357874 -247377
808926 -977387
493366 201398
924885 -192689
-28051 -273092
523226 211848
171941 460265
118205 -8099
-583891 320861
-274723 208504
-670802 -906176
818427 562487
86634 -930673
15037 732038
56627 -701053
-948910 -657612
556578 -583879
-320775 -875533
-327099 505354
-260849 -281928
-665146 -883988
-580451 142590
100296 -699416
504411 -241016
-118213 -498733
137927 -892315
-548527 -960286
746223 -887706
51839 -830176
-708713 58584
-537549 658330
673483 -689978
-319934 -701426
-28490 -773451
325874 3056
375499 -513382
-915417 940730
-958894 715251
642713 -494387
-902646 -511183
693034 -41046
884265 667141
987809 478229
4616 560902
407000 -257580
-820117 -272519
245592 -680356
20844 -480517
-408252 552755
-828620 71497
-985849 661813
-4189 -585055
61903 -292585
697296 694995
-382210 -653510
735720 377148
-216627 205738
-308063 692480
321766 -131874
821767 97964
72539 915153
878366 -973935
-435381 501930
511762 384100
475092 827893
-375827 -67838
-181625 889316
-829301 957144
-328768 114439
-494620 -317904
-877832 125113
523784 -387074
-973682 569535
53796 -531313
-299353 -952900
204682 127935
90753 236317
383264 -951265
96187 318976
-111137 334100
712261 559098
552124 -215695
-219129 167809
-837845 -887623
657021 147849
-269201 895204
-823831 122566
-679748 -702164
-451914 181326
-530298 -455705
-738102 811608
-810845 -935984
182316 -54777
-548754 84307
943698 860108
945779 -662955
-691032 375045
459647 -758105
642551 937094
-863452 -602232
-446847 -716774
-430249 -774922
-615285 -740574
459982 863983
887006 -687777
-42973 -363666
921634 143052
-674039 -774126
-14409 440412
289644 769933
688730 200648
-322371 636603
108704 583565
64899 669703
-617038 692812
897980 979875
270272 57040
460460 115910
-448863 -516596
-221258 433084
408152 830124
-606062 -697245
-891622 -346825
260850 -351300
864095 -722416
937159 361205
686469 -843201
436981 -532242
-936489 186452
701759 947898
753664 764276
-587705 -788429
433723 -754562
-677790 -148797
-16172 848673
-577799 135712
818635 856706
589485 -600969
-630397 7857
-67806 929925
-107235 576092
966736 740845
-456450 168648
406790 1143
670943 -386161
-794083 -781981
920842 751956
69248 27963
461077 516409
556364 392290
200351 -539001
-914760 118709
-934830 816295
-429161 397999
-971594 183259
564614 845836
965011 -255872
-316618 267173
434068 41769
-35536 223578
-820401 469658
-716648 180712
483037 -366692
-835650 160123
897110 124028
645511 -753088
310833 560794
181252 -245411
56264 998555
-686973 -161127
-618741 715461
175952 833977
-362000 -778373
978596 -467557
-904277 -849938
-709852 -121998
-286158 -679845
-274198 -26076
-22688 -140094
16742 -603089
-881784 484620
231899 -952
363622 359666
745506 431648
746362 115216
-825731 -280325
-622630 -208489
797282 -906300
101815 218672
551583 -261507
161622 -517585
452246 -62836
-299014 -66608
-721530 -458522
45119 657031
-340772 46994
83810 -998886
-28849 765370
-294661 789755
-342439 535166
430861 -308308
316124 958947
-803493 -47303
593590 258752
430517 901074
810556 606663
670872 980384
-419661 -553125
259710 742934
-986662 -599567
-819318 266170
-156778 -58006
-855659 -139138
-946067 -570525
245409 865197
-193226 -994932
-148727 58634
596127 -357730
243834 539631
593987 183934
-622179 95531
-448814 -811735
-231969 758518
40830 769862
-559926 520039
-525692 -625663
713169 605841
-794890 -647513
-542632 134058
1954 267140
-425559 -893181
-786277 456744
-563419 269814
300397 -827015
-961086 -706054
876214 -174147
-522202 841302
-963245 978981
182793 -361287
784692 -740483
226915 -317281
-439792 549973
-87910 -731533
-200344 -810925
-833571 -636149
77937 165993
177470 899593
-658535 350503
621307 -312991
80630 -582272
-268545 -887859
204760 -756579
-129998 -341434
-238866 -239325
-996617 -908307
297591 827859
192700 -455742
658545 -214323
744189 -923797
-640110 -921677
-710105 -653768
112257 717391
-523636 -600091
510004 667203
-663002 357215
776881 -911091
20569 701748
489370 456763
690428 -140919
-536419 52815
844265 397315
-909626 -130350
552389 -813272
-480857 -943479
118979 130799
813932 -317259
27850 389015
151418 954886
810984 271675
72000 222452
-716743 -896355
501489 442087
581720 -275011
869342 -945879
-472520 942001
-752020 -722459
232560 -928899
802212 959949
-391363 -473853
-777275 -733925
-262269 212747
771170 859817
-697699 -106158
-110595 -817933
-863900 289461
-939339 -564793
-556662 820377
-404557 -109736
-169073 -140661
257854 -485373
-580652 -473020
904412 872172
715971 812076
-910719 376237
-500004 -409257
-7079 -136302
-995575 -752496
246887 -383679
-843345 -403269
594924 -430129
-587988 229070
-292632 169205
404620 -512889
544725 460509
337653 -440424
246984 508630
-875593 136135
333747 71092
-592814 -717970
700083 168707
780413 49232
-419778 876590
316285 -152059
-91733 -979307
-619805 -712306
-177173 -203124
627204 -659930
-110241 -983293
-571282 -524610
-866746 529952
840778 42412
-157578 -390492
-232041 549896
-96566 695447
270148 459228
-982142 931948
466911 -972190
743993 -64836
-600087 -372174
692525 -812052
622712 -277060
-150221 522379
258793 877873
-301029 -644461
925892 -44872
309606 -324843
7924 370
559817 228039
221039 86597
-952938 253429
-41876 89096
683248 -427763
496319 -648135
-652904 38735
-238646 250967
-133537 305625
310025 -215630
-696830 -562645
-565522 643442
951912 151306
-741920 -916273
168909 -678214
27966 500699
704549 -508246
-805630 -326264
506840 -180867
234538 -948350
-840482 313090
660810 621625
-774549 218764
-449896 -34903
854862 975454
677563 944712
148298 628876
-474994 766540
901977 388253
260333 -533031
629789 -586852
666711 -1624
-673451 445451
405981 816306
654962 156230
-761724 -757660
-676844 -142886
-260563 223323
578438 -259194
701501 254445
-923200 -955520
42676 -76263
916897 277621
564969 189183
-771378 -996099
-614132 -466719
-28191 -192687
92632 882117
965016 301348
785047 -243472
-596474 -342698
-663635 750326
-28476 -953222
900555 544102
-886954 -675809
-844711 801670
-445920 -598530
-364479 -286122
-859617 471235
-274605 532082
38743 -746667
-872944 -354180
791885 798144
-478056 -13117
48660 -179214
731915 -704994
454434 -464633
897264 495099
234716 -389439
-822737 477738
-92227 -728025
720775 841274
-42898 -844396
-893127 -90489
-287078 637839
-859510 347433
-146294 -324217
-510973 884123
-167343 347287
995994 -224743
-544000 594289
651619 -581740
242936 -46676
696500 -471618
-898813 763249
276425 -672241
346590 -623977
483338 996200
-885326 -170548
-46725 327303
74207 -163989
-142118 -682905
280759 -976834
-516109 991560
974282 225269
-84809 -11607
-704976 -674648
-28164 590514
-595445 801055
-436928 708642
24888 162829
-996836 204828
-132163 869113
-870767 134424
548056 -242744
76995 268522
114756 729212
289440 639767
450365 53253
103384 329997
-717200 609264
-665995 -32002
955479 -821060
-211629 -405830
-385707 98922
334159 999690
-273172 -933529
-656719 884645
411674 -67969
-314195 -899276
113661 339576
207817 836415
43455 982533
-689684 483982
275464 419269
121809 135826
785924 -68751
181762 658313
509329 -712962
904829 928386
42188 406826
-606224 -559815
-18954 -886665
19100 -905681
-453896 -408861
646435 -629873
-740550 701292
82406 -671381
-254865 508197
916664 517774
-851326 365561
523919 -557823
-780376 74258
794341 -366965
157632 -187523
-741257 472620
-933674 224419
-917265 -920697
-818732 708322
438950 188705
-29166 703757
-960432 -9607
-743917 115754
-487808 -472796
-86727 126441
465205 -697077
635275 -967886
-748324 629421
-834220 -112549
-262126 699172
-68245 -133883
-193791 -57568
528721 723794
631323 392454
306141 -839314
-195246 -178674
569164 -836954
-358497 670873
472090 -376647
324508 -815760
-863604 -863479
448624 689198
-39642 -269775
465227 353872
-391882 86007
612991 -644840
282123 688513
-765124 616590
-719050 -909148
546723 79574
-629749 -195671
33209 671318
891971 925710
-68046 688251
130851 -767875
-857328 -241592
301376 -159694
-628066 9504
-357540 -494876
-249746 -582368
293769 -137367
-26297 -338228
701656 -911887
975374 -996283
316170 -940454
-829848 113532
572776 286247
929763 239575
-541562 -297407
-958268 869841
-854626 -589307
767343 -71772
187025 -594341
158206 -544749
-229462 -860452
-763468 -316137
231216 608558
552424 -406322
592755 412372
-139415 -90952
243540 347802
-314907 854388
-410726 -21798
456638 496527
-58671 -974696
608551 440842
-941366 -41924
560991 -948123
-312578 58760
609334 -724998
-402459 64728
612908 -720334
-8521 249465
553668 881912
397761 323102
-403992 615299
-553959 -454174
55345 -172328
960805 -93571
949136 293724
-165865 -935421
-810453 -122879
-600068 275445
535641 577360
559543 -656120
-643385 969495
-122985 566554
373064 853327
-513479 12752
-62565 701543
784932 157643
-805993 -887762
846403 911524
-377657 182261
-735890 719780
187633 -616373
-849365 -492002
-342393 204631
817997 463779
500954 -486813
-902915 75816
779598 -887221
67064 -963759
-984620 -127733
402851 -532434
444893 874514
-391103 -430606
-221155 -338625
421194 -827077
-254911 707754
706604 892700
521726 270038
888736 776344
-691775 573399
-520967 -750602
27958 -650836
-815436 -688041
269999 566352
-355424 888233
687992 167441
785610 798688
-3358 -428447
-405235 -827757
371654 148276
-710483 314589
52880 196247
-887061 -599277
1760 167473
-57206 716990
-49642 339095
78800 -683931
599481 -275604
167755 -927376
232625 972353
834416 -237732
19832 -355543
-177920 110506
-972058 674720
-748868 -699778
313656 731847
-130886 -988771
598329 -13108
-479423 592020
448203 -515315
156928 222753
-130451 784011
-652739 956083
-286844 -392250
272424 877773
-914497 -756429
85420 -144227
-316441 -420636
-202775 653026
577323 -853242
271720 202769
-523930 -41814
-577374 112846
661050 -379709
-581874 -593932
808593 -160231
-238604 -440944
-763482 -913842
-105157 876812
-32391 -877584
629271 -251997
974126 538294
-138327 -110467
-566072 901187
-118817 -92040
722665 151108
-912803 333814
497785 687448
480409 -748792
-171950 401814
-542090 809534
-821695 129383
831390 93840
198586 294368
-340024 -591731
48995 79874
600284 -262876
-587674 -987031
75186 317245
-221801 136354
350487 -309070
130251 -363880
160540 481026
744134 306263
-460420 -245698
-471141 138889
-762368 442408
28792 -881782
-705970 -652211
716423 429174
-378612 879107
653944 -638591
-339683 -357380
-520586 432124
214526 209330
759062 35818
-539376 653133
388979 681866
547214 563909
666014 -959361
-720686 451801
343515 -730359
-721668 898704
758937 598711
-927915 750332
-346609 233096
-891832 -979725
735294 944744
321940 -55848
506009 -544839
-522025 295502
991633 -536822
68209 -156795
-141620 -216320
306598 -612986
614915 99789
-414779 255114
-872443 -517562
770792 -484456
821259 -910846
302308 -339383
-165151 149809
-640613 -505895
264593 930098
-313876 969716
-288491 -10193
28836 -741357
347522 356785
884759 -977335
-911356 -826771
-265289 -602222
-208510 334660
-885741 -357238
-438195 -842374
372362 -244241
-28021 -289559
456377 -521496
868762 -839238
203132 -63480
-838320 -924279
-745201 465415
-132107 483996
207335 -150036
580084 308858
687075 748283
-947433 -846708
792526 -529002
-19290 -509831
247924 740288
366653 -592054
-29100 354653
-129314 -465147
904154 -84665
-110665 80031
715638 863167
-779556 -204298
614299 713694
-303035 295212
-874022 470506
227632 -908311
-408515 -803356
27301 687898
-787034 732838
597775 -316403
-617275 -537317
-29894 -787598
-412325 -366794
-597766 761054
-375117 810459
-861128 -328735
-484624 -682781
-113649 759209
-838326 -18917
-736273 -777134
132109 -979678
-952893 -282171
272542 -330999
584241 946180
-851857 -324712
-607965 -271469
-145303 -704504
894222 -682191
-561317 246452
870990 454213
62308 -194630
267938 990913
94831 450536
295653 -716190
-703692 280949
-883193 269818
152487 616107
893620 889963
-651299 -904115
-981459 -805094
-758713 -527509
222025 456474
785164 -72186
-527795 958882
-64176 981093
373143 109272
-817397 977517
-984079 247693
-702954 190067
396697 -208731
567047 -972840
-652434 179967
-625063 168828
924402 926597
-14520 162980
-889243 -31698
-776636 -292870
-860186 848293
-728382 -727218
-679626 516291
-99727 345448
-612317 -690258
98525 860646
-918051 -840599
130956 -85707
-434199 -760738
-986785 -826352
672140 974792
-259709 -711100
454540 650581
153063 -550814
800631 936842
-726027 838421
768288 -568352
436582 -219543
-622260 704468
579095 -611904
-943545 -33517
-974261 597129
-778935 132673
-152281 327056
61323 542552
915838 -611347
-429592 946490
-768675 -847491
444512 -576690
843693 -341273
-456474 -702176
253069 -323518
591212 107001
-145349 347865
-498146 513672
201741 -541588
-124318 -576744
405141 384787
492841 407154
-274370 -503370
50490 669405
910828 545871
-731666 -311447
449551 -448168
-894426 999504
754121 159997
161326 452651
799014 622530
335928 -659092
256558 -390200
-29040 -191193
473667 -865668
223380 614915
-91693 -98656
887321 -909880
386833 -78686
-302928 -652130
-582602 444920
673621 -44158
-515260 828803
-748661 -288767
-54240 936862
-887516 -496106
-987657 -865606
995088 888048
-976507 970938
550319 136473
-371605 -567046
63667 -521596
607159 252107
571967 -601002
-717766 259356
980053 -176895
-997088 -636274
-613338 -104586
882001 -225890
-680398 549787
349049 549366
723915 892006
359788 524933
968624 333346
-101395 -846604
457481 -621992
-874733 338381
150422 577530
-580991 67779
948726 -625896
509152 -333900
829959 -723036
-803143 -420282
-261200 508980
-483261 361129
-469377 -135125
-684069 -142711
-525573 -441140
-28088 854470
-415378 -342863
886945 555133
854574 -427176
433256 30401
954526 431981
-294703 -680938
169038 -672025
-914999 917539
831945 966405
168635 -830700
114374 669993
470198 -200634
350365 667717
-122835 -814199
455512 -633021
202907 2524
850964 -266193
289050 -540292
-852741 120716
962485 -970964
-42915 488762
529485 154830
-914013 -891083
-163695 -773150
885121 -838696
-301799 -812785
-954928 -464589
340872 499676
-633547 33883
-543496 43496
469814 984238
738079 -786024
783454 -224959
-652998 481565
-813108 -39955
-719266 -774446
-349942 -975302
448690 -835799
-53565 -279849
810588 -40505
-887513 -243867
226192 -132732
739504 -533588
-204589 144717
-822648 229415
670481 134574
802644 -321096
672350 911729
781418 -219350
35107 -674159
-378070 -59
855323 733427
607761 -544399
-463481 -51631
-523458 840788
-349335 -559215
-851165 509780
-998849 742568
998898 -869422
76630 -740273
875331 -479498
-303056 -823080
42024 152434
-396499 954392
127498 842906
414266 -916508
191736 251940
835208 146077
240122 -468493
415566 348489
637055 -579071
-504448 -490994
-913685 -666791
268540 567677
-722181 512341
-329309 -507186
-208461 -597962
725363 460289
614719 -515149
530032 -540692
