1000
-528844 951915
-651597 -266789
-501233 947158
196343 861244
922933 -725541
283133 -217057
-99874 -350831
-48815 -28010
-524142 -177477
807147 217462
-256035 -942310
-982984 355600
727003 265662
21719 -430075
947638 -344511
-583008 432303
-373842 -524244
970696 -571050
-915012 -428754
445251 -631728
-341420 -968030
-984713 -203672
-216406 522257
-50496 782060
-259541 -1191
-575298 291851
74691 932255
-782655 487296
144179 675295
-175177 831238
797251 -977233
-563725 761701
-232759 -710959
-671924 -529517
785271 788168
296111 -753820
-602169 206433
660853 -690726
-316671 840917
950119 -537000
-21649 -352655
437348 -923925
-59691 30466
-204334 747570
-507058 -358119
735730 -854304
45499 65314
-546207 -806048
35548 -389065
294977 -680157
467070 -331137
-785376 795642
-442251 -162876
55202 -224264
-135246 838220
551539 -143162
-596675 938289
490614 -46990
-922002 569403
-688721 640643
253979 -836025
105827 -828854
-459617 -605097
247018 38301
776800 -89009
881985 -130063
-471245 575440
766069 -751746
-147223 -598590
825576 823994
-915953 167033
-391342 257582
459034 39214
552254 -2478
-609032 229574
-927449 -530237
-185483 -178360
-917669 124851
-296608 406534
847254 -298913
-97865 696789
693272 37061
655180 -967083
835160 5450
-735148 -393738
-180772 663798
-184333 -201302
-508666 639749
139642 -419452
-139807 -910728
962237 -454067
206432 15955
-392466 682598
551489 -218551
-536928 -381895
-526120 -3589
896377 -809672
944359 -689107
168389 928856
613834 -334687
-853270 26941
-673543 -760301
-49789 904307
-242218 -481766
-954856 791560
-456560 396575
-819404 755679
-392168 -427546
-970704 -381931
-53018 27333
509437 -96652
-712864 -691551
918067 459275
147527 -587561
915542 842369
532990 -523073
-477174 -684948
849299 -184766
-442843 465828
330557 -549220
207717 222160
-897877 388070
887302 -78804
431455 411433
109170 -569299
-457156 -589646
356358 81464
-696941 -58645
95390 -941773
-514977 -577529
-68655 581482
698779 -554543
479585 976686
-771897 -661123
70685 -685307
-77230 666740
-687127 -498555
-727488 -108161
143285 -848291
-822761 962789
532634 -859182
374646 -830322
-267355 -186588
-323057 804794
-780041 870501
-612917 -541227
-489536 388860
405509 682125
-245069 -288642
-172885 383547
158139 -332381
-275110 742213
-325215 993260
409522 -117499
565339 -884126
-568096 -287405
-398357 -547746
-884169 167729
-3737 852871
179165 785691
53187 -328009
-700122 -102540
-153178 317776
-37095 -497901
-828122 -81814
673742 678131
-820773 293240
343990 958925
358072 703372
-543521 -563242
585851 562451
-842112 -275922
893438 -914691
443560 1003
-830939 557458
-947413 -581879
576787 890083
-600365 943755
800318 314060
-739115 785508
-303427 147880
-805682 945957
-883492 944369
519739 -642686
385936 407423
-176991 393842
122369 767130
898735 571326
-921488 -607162
474566 858580
-489821 -75975
-356398 -911032
-498713 -250634
372812 -232191
328739 350583
-663673 -22153
-554670 406672
-179266 853649
881133 208090
752454 -439416
-115132 -599140
-735847 -924612
253521 -648786
814848 76820
-612639 320565
-975290 -779782
-768636 611682
-499007 710461
392939 -800453
-524304 653608
-361418 -450315
-732331 611630
-496231 -881881
-755013 239400
-545439 -726129
-721443 -538595
-397470 -234225
-137486 948124
-257135 -527485
890569 993591
130686 -992042
393081 -946096
482239 849283
-688934 34100
-295446 208643
499711 339193
488559 66957
233693 201818
860343 -227952
-624898 490810
903362 807382
-197264 -469751
-983722 514957
-360190 -785791
-244396 313967
-559732 -792532
-254561 886057
809666 468459
-587740 -400859
52647 -775099
307049 686976
80402 838215
128753 -174394
-921548 807828
-446571 67983
-476978 822595
51010 269918
111902 289089
-280632 -128447
241279 989223
554743 730435
634534 274419
-648177 933535
-413036 -475407
274048 -147266
52582 -924750
-868082 -238049
420995 316110
-672290 32088
-621344 -240665
-260554 63725
989474 -464181
771940 -350688
-882242 745088
406852 841467
-312478 -484683
-384221 -265996
908449 -385408
-177030 240672
133572 467575
-532946 848273
562435 -381074
379717 546899
-642953 -626468
-261000 -359053
452769 -936406
685475 668429
-336319 785768
-861014 -911753
-214828 -879287
569281 922328
-350480 -630163
-846032 -800401
-240888 854250
861450 -425204
791617 -512361
448089 625178
-352175 -60203
283811 874081
-483756 355263
-852535 44591
874684 836303
-478252 -614910
575962 903160
661709 129013
-915757 -233392
171638 36154
254372 -629339
703190 -243105
-71411 -632628
-660614 98360
446435 -589765
-191152 -803387
-765104 -66657
926057 513474
-291914 -490606
-511513 -303168
-270910 626932
382768 -267191
-300066 939463
-775550 999427
-46395 -699121
-81864 -589297
153012 -143384
787075 142527
488533 -812761
930290 -792723
403264 -363591
885281 839124
-933485 -759807
-213093 -849476
-928273 -605466
294120 -763832
635382 699690
307622 109677
-388124 -300675
971523 819246
112271 884975
-501427 -918835
-860647 -199763
-506707 -720463
176548 -830952
331429 -413206
-132041 -559973
376030 -862739
394334 825384
-902779 452526
-597530 -382537
-484251 -274139
-949418 -940989
691251 554510
661282 93945
811215 371371
-501514 -11798
-292977 -404676
628809 -188070
-659879 -58179
929624 4864
622307 491921
681499 535493
-962631 458742
406033 998610
-760460 -784133
-425376 286882
106431 -286406
44942 -440595
257689 -128642
268744 -326051
-541403 686644
-913750 -278527
255517 566144
-194900 275909
-199005 -933009
939055 -580481
289578 -540716
773540 258901
-413805 -482335
-659778 517233
998946 -346646
751056 401987
692943 240868
-275513 -467733
769460 -341663
496961 270752
-577117 105953
744008 -137585
-952045 -358179
770601 -734822
204656 708644
-361227 556079
713788 930560
743822 699975
236900 -684411
-278018 830108
667765 307333
885876 924036
-796413 679392
-736259 221993
-86954 -614217
738977 608385
-64408 -839752
531421 748796
-203057 -377224
-456342 -170019
-285140 -503500
637425 -387519
49694 -423167
845849 -64987
337153 -37282
461050 181342
141208 -857209
659156 43840
-134127 -287109
-551107 293446
-267331 937254
-879614 134200
205535 -48485
-633529 -944440
347497 -638816
602236 -808175
744899 156591
825744 -706371
-533499 420552
-235561 -263135
-817124 -390598
-836808 274213
-87007 771500
418381 -584706
966836 -441607
-934519 -194978
-599679 421651
719732 -994707
851307 -796886
-905210 789102
621790 953393
-705163 281461
-65573 -971230
906520 -954248
-603513 -81942
-903933 299559
-438161 -198498
-195197 326535
-70217 -300778
-593703 -987687
-861376 -798241
728668 30946
433628 -948063
683947 -970660
274912 -267993
94034 110680
54710 -666834
543893 501041
-945375 273036
-80562 868664
890593 -911450
-898275 -194262
670564 193167
619452 -67836
202839 -815104
-379120 -904499
-938182 -460364
415259 -432907
-285453 -747346
-612640 267553
646717 46108
-999877 425990
-489354 -158132
743676 -874347
-753394 -40570
461430 577654
368877 -377370
989312 -355007
-409529 -511965
428801 76817
191734 372229
447148 95539
932880 759914
-757289 -392605
-821910 875325
62490 -578459
-802415 -885537
46146 952858
522994 -255781
-380238 32826
554690 -964274
296748 -345048
221948 262515
197687 -938125
839881 -960691
-440250 -924390
920425 -493225
573341 473514
315811 -431819
-745981 -164115
-613631 -218240
-288484 795598
-982625 -948884
-945364 493465
970682 -584851
-695179 104100
38366 -112800
-557745 326008
-474140 -718566
-606171 751681
-682959 -190080
799174 188670
379698 706873
-676715 -359200
-783436 -297862
744776 -702750
-959241 742603
820880 -715936
994760 197452
442012 -209420
887967 -824948
335444 692131
-737632 637571
-825484 -183462
841267 738599
149628 -769114
905810 -254951
-697993 380139
526231 -696961
23724 489671
161723 51844
-956150 -399506
542014 761190
-105456 -476228
-769335 185036
944367 -825475
-28576 352245
-448595 -49093
493439 -618185
146440 -68662
141950 494561
-230135 -284525
-190140 -240124
245931 -99268
62925 -552503
59608 304142
254308 -400113
-897944 -121082
413853 360127
-399208 -456085
265295 -235991
-420875 -479377
713396 655275
326170 -682854
-379669 -82198
497797 729654
-151386 -37094
-271125 65233
-506707 -362423
-974622 616916
-524274 242460
162136 -536310
372734 -137682
63018 133419
531287 388658
-778769 -554597
294973 -592771
-477142 150587
-222766 -248938
630697 -111308
755657 -149787
-262624 533616
307827 -842275
488284 -814783
684309 232545
-794933 143094
490851 310402
625665 -906929
-961684 -415860
970660 186382
-876519 401219
314058 -735426
-30464 -710596
833905 318816
-392780 605091
473816 699637
-373004 -467637
-443158 -53625
-480441 805247
-163439 26318
-905191 865792
870182 -323132
-682434 941553
-793811 287493
676726 -28102
107816 -329444
606631 -278137
-726658 -318305
-495981 399566
-356829 577630
526820 -879427
-814634 340459
-451558 212907
431936 612416
799158 -345084
8935 406784
-635426 166806
-188375 -88302
-918792 186755
390656 244060
-384455 711222
-717621 -158323
224120 405046
-163435 488307
421235 630838
-277910 -932181
-923788 -775984
-7044 -990479
378526 456879
473879 138083
-353793 -329037
465808 999261
-396461 678222
63423 427678
60944 -9393
675034 -237221
-446550 -825827
-418630 666697
902685 -463330
-333111 -302465
-184189 521315
-103263 419887
-245078 -940411
850579 -101431
-639841 930990
856015 618254
252451 546739
174951 -902777
-934884 467034
50981 -828564
608413 -765043
433076 923623
988776 -489861
448197 -266328
-113551 -408721
-146010 -855783
-149632 -505830
-581263 -878496
-562038 938009
674056 -173581
-582793 -301152
-724167 -410689
668675 317535
992976 -282561
-449313 -217992
-181762 694940
-402931 -850855
410131 -7544
319711 476798
-427501 -373484
-271779 -460687
-460244 827313
957241 -344136
-769304 -440501
477592 246896
-753318 966851
322868 -184183
-752319 447443
406504 -616620
-513057 56844
-651476 324825
-867669 369018
779572 -257105
69644 -335585
676916 781860
27633 -761202
686714 619936
824827 -932635
594509 -319372
701731 449443
-141743 -70832
-612351 -105439
-999327 971623
-314806 27392
-479224 -295244
245676 617490
-563444 -821782
-760697 -562222
-394042 377960
-847535 -171598
740928 513549
-519993 22682
-701676 955638
636790 421642
925800 653951
-751812 -135498
-722893 358802
917217 77578
781098 -158962
-45349 -638349
218174 -259361
-276306 -375806
-168822 -418818
580937 936808
-931327 761674
-14802 -253872
94388 634489
946805 -956530
-676946 -600596
-677015 -120297
-56707 -55614
-697266 487784
-479209 386729
-602207 -566954
-616323 -451488
-530058 -876334
-379696 957238
-304250 45609
-418890 -623458
-506927 120401
-65733 452172
-192502 -115690
141497 -852017
-857342 675914
426366 135781
897227 265939
-479649 -126682
-432957 793380
-443871 -10492
-554971 -336589
-707494 -418303
877224 747962
324829 881594
848347 797937
13647 -487483
694785 -264441
-78210 100894
-278 396374
-234762 -575481
468316 936655
-647968 -530458
-21409 64011
843462 -776811
-274941 -578612
-477596 -533877
-876166 284672
-314018 -489776
-905472 -774939
162012 -528300
33625 420200
-474140 -888781
-495546 -105792
-632734 -987685
-681915 624790
-439017 536535
247402 -830299
-230072 -487756
368680 -12827
421479 676455
359269 -175820
779861 517499
-915776 -692036
-878414 281799
202701 611787
465445 341616
857437 443924
406220 851276
-591801 629600
90940 -895118
187399 979216
337034 -588677
318853 469647
536971 533971
150995 -647577
-356499 645613
966013 163729
878295 496798
713742 436712
814134 -159752
-599476 -522143
943530 675019
713404 351234
797437 9400
498430 -310853
265104 742896
-720084 542693
962246 72679
485325 -60882
-822673 428947
-37908 956017
-450256 899272
-784981 -475261
8968 -571354
818760 248258
-150090 -911148
559671 -653036
345284 -88721
220735 88775
660194 -899655
458667 380727
396738 989650
491877 18677
173904 -799176
21094 -737306
174843 376403
891055 -237522
-912998 -274526
33666 -725038
506300 -610364
945548 363378
136996 -221322
826158 -996821
-594342 -239507
-998377 350252
302358 645882
-635995 99771
604841 -344370
-538064 -525268
207468 -141659
148967 762816
417506 460526
-265260 247369
304482 -69724
-764730 -841390
-717886 -912034
-715374 -749776
877219 -612492
-83018 -831178
-81170 610923
350634 559198
-691882 -589109
-193166 -681062
-762734 -498299
-871883 753953
-369874 824713
-366190 856796
682131 928639
-205780 167543
97184 338314
266485 926186
-684818 -359034
367458 537320
311185 479149
953676 -293324
83926 -644585
381713 646212
-900592 354806
464958 136663
-765084 -365639
-265135 130737
-659397 -761830
69283 57315
-745358 -656879
942255 140601
-649097 687476
-327969 -581896
576013 -590356
531778 684341
-566103 -999656
-303215 47544
486689 863754
-201356 -896303
131348 -231632
54861 120447
172782 43844
-627830 296005
-731525 -227925
-104905 346661
-343747 -819127
281589 43836
360491 -429138
-417978 -770752
-341075 906781
-702202 881352
675090 -593439
-253114 756713
-188513 988514
532422 76695
968158 68392
-296042 -421080
-530714 113835
851462 991775
-579549 583217
876081 -555724
294289 -555981
727023 -944696
7877 769484
-66071 -102453
-360837 485571
846138 -631869
-321851 942984
782622 823413
172612 -160836
188246 -962717
752515 431400
106241 -483709
-974860 935411
-843516 -159962
-955085 -60591
296051 -535807
311285 455647
-326451 735596
276073 -402950
583188 -137854
242742 -920807
224138 563005
665428 976023
844770 583074
840598 -260410
750878 -624968
528265 930063
-919696 -71337
-628560 688447
249321 -651446
501957 790425
471364 -720577
-490176 -948330
438089 831043
673821 -493965
34587 963770
831592 -460363
-413852 704417
307778 -918903
-34158 -64660
53237 354802
41405 456625
295849 -549741
444411 -880534
527268 -874511
-362304 -850029
813267 -925891
599539 -192486
-376167 -90681
492526 131297
325510 -923200
-479718 -84642
528391 -43986
661781 -412322
-504638 -343374
-236706 -71562
842553 220786
-145885 978073
91005 -96864
-28231 360042
-804673 -285934
470706 -451039
531674 954325
-588092 -793094
774397 14333
-813806 -414844
293025 -790163
-77972 -435938
-498750 -557463
-788415 -293231
174240 -996575
-583001 -691767
732711 588369
966448 -422174
710799 -710328
-275604 -611791
833296 888195
728253 460424
-512763 87450
165454 302903
740137 495560
376958 762466
589790 -43817
-673135 -957775
888158 -842058
552578 -874695
997269 -77715
-233188 -157758
374474 874756
-113453 355009
244982 -417764
-951285 -175796
-252739 -616149
-535878 343345
-549602 -793911
460437 603856
603396 -174237
-875884 341941
-362881 -227119
522458 756291
316979 -191501
807441 -61934
-234115 900357
559527 -708481
-968918 -494378
185631 -386837
433444 716225
855454 -876538
-813706 -41965
720694 -297031
349918 796426
891689 -392979
742632 -465450
-891037 888250
165302 -378622
134060 -405553
41878 708530
293685 -265117
96193 591156
-83526 -147730
314819 -606730
302864 360777
174328 -764556
-511731 -176992
285021 -479504
-639965 -954619
915834 698224
-197306 -174583
-703802 -734466
-183811 289825
230984 -375886
91729 -894488
