1000
689527 669169
-301369 752784
-686430 -914847
-44125 282773
938250 640490
225843 614284
-665597 841715
-750763 274568
-908646 334516
722070 988687
-431235 704318
-734891 553658
-733898 777566
-663395 -271236
-82782 153354
-985039 814627
336736 302075
-684279 85895
866779 -972053
-946791 -753649
384615 864991
589047 -103338
-622634 924193
-815314 -92938
284634 -797354
345503 -805557
-658447 644447
344781 815313
-589367 -351809
-63139 506360
622854 -942375
-690358 559366
-978616 -235252
-740337 96330
-41613 263348
742431 197280
-736998 757309
-915347 -659906
-630754 -623659
-545991 -331207
-272323 -113254
-579889 -727033
741319 158380
-414657 -577515
286784 635749
261762 -647245
-156732 582919
730704 -874088
979319 137859
-792524 113398
-60925 652961
24293 -838908
673638 -393868
824588 -49160
555641 688835
633562 13546
-275280 743575
-102033 -942327
122240 -116759
-323622 920807
926763 490626
-674186 -395054
871629 -708106
-399617 -836309
-974053 353030
228248 647910
-405262 -71409
-811279 926453
-577325 -730507
-142279 743624
-610333 928408
-920967 -875028
983849 -627718
79687 313874
519714 581547
444761 -236598
213045 6673
349741 -94399
-653549 -532981
47665 -619107
531580 -716801
160468 -394532
-336479 541429
496464 -153249
-999271 343148
-657675 -364116
693223 -46642
-181594 -487218
474127 -991811
-386600 -577281
-698808 810217
85901 881840
-756804 438358
502871 -743523
-415535 -272931
-450670 -354563
663749 -345266
569212 -47400
-896443 -506839
900505 754804
942591 86902
326597 782889
-488323 512594
808844 857474
114243 609479
-107791 -975609
-595478 451953
-396164 -259502
768520 261299
-511885 31875
-904700 40428
88840 685665
504121 -843257
548491 859885
90315 639485
-800650 -765494
752207 381509
-515966 -68210
-230199 362464
134978 819523
929217 664643
607512 -544805
-280783 729890
11741 998111
-144564 141420
650533 -162553
283116 558513
879081 -524036
-64520 378715
-730862 -157260
-944294 594489
-434997 281991
326791 529842
-357982 713826
864615 692728
-961839 -268071
416518 548383
-445 -81847
855552 327701
309151 -761164
524871 -65449
551002 -572546
999732 -574835
-993727 590255
256424 3647
237083 84168
22762 -645650
570250 -199040
-418605 -717391
843480 -619563
-327231 214090
463538 -265132
-432840 420028
841760 -318087
-766244 302334
-552578 -141614
39625 -527288
-550233 -497251
879511 901396
-501059 -525846
976558 -505711
-143756 -114380
-180799 531579
-398719 681329
-352200 -312784
838418 620754
-714942 155394
559106 -335876
522053 -832551
-334049 -61009
694705 -853596
-602069 576773
-674173 803848
262577 311577
-454736 667066
394160 872750
-224372 505651
-176658 915267
982590 -440191
-880011 876437
692394 -94255
-283275 266650
412766 -758575
-703375 26989
-825292 964012
500067 -422673
-553547 -193372
-431475 -976381
-420177 275285
655282 977179
753007 329377
709708 -307946
448456 469508
571291 182251
266694 377172
303101 308861
180749 864315
801027 546865
-279253 991348
-515121 -715233
733370 719741
513072 -681872
25827 160971
-765985 -432378
883159 -630655
21887 742250
103954 50197
258172 -372811
-800240 -708565
130473 -495411
-746713 -65049
-899987 890324
-52036 -34854
-234307 149631
-903625 -734248
734798 81390
-686897 -24723
-804815 457541
450615 952407
-272536 361553
-636582 -639010
-876855 115272
-484584 362241
-507067 744270
607914 108370
-468162 -616159
-336320 -710709
-123893 222979
467009 796141
-717306 105790
-229239 -730385
-311778 532704
933456 -598986
754545 630280
770182 -531695
-268957 -834374
-681019 232243
103808 -353526
194599 815669
437057 -235163
304612 -56653
-848088 501260
-843298 -77502
118822 -41790
222835 638218
-610893 90029
-761960 473942
452435 578249
524809 172847
-342773 143700
818985 996738
-741211 -829547
-850364 567395
913973 272125
-822010 91774
-168322 297179
-357372 -521170
739984 52389
540897 385226
907910 899785
-415554 191929
845722 112714
-142597 -800379
726954 740422
956978 -92037
-154930 721771
737350 680543
-324450 -825156
696463 -47033
810022 961205
-954037 672667
-727796 -916644
-416013 696573
-747504 720752
679730 56685
624442 -999138
966231 -202829
101022 -211540
708671 860983
-484636 -378282
364581 140242
632879 -232047
-966728 -46698
-962319 -428307
659528 -33726
-957771 321071
-619891 -528901
-820018 973807
-185025 880437
-795942 -958277
998562 641868
993309 86193
-943791 -218778
168075 141410
-383238 -76530
188516 -778112
-573830 535374
816046 -432066
889440 -392843
878833 719349
350599 -648587
-551832 -201166
-811804 -2045
-133693 -455687
-255929 34503
663250 846482
-228752 -455274
-264180 -463662
-186668 368358
700981 -203787
285176 770014
-115909 -613964
331985 -422089
-547929 -306107
697993 102450
23405 747922
138964 998068
170637 -713634
263427 76687
-288830 -552682
927598 333857
273090 -654942
-318884 -181689
828923 -873334
651315 -958749
457580 307582
473572 -927517
975558 -638518
-122564 622198
-750293 588906
876766 -954337
-317607 -524714
-142110 228831
-31310 -558297
-594797 -145305
546998 870100
-121112 -897912
-132995 114901
502808 761210
-163522 -980123
-665738 501793
-716760 948482
407816 -506241
208206 -472960
-863150 -879379
550647 -674450
-580759 900754
-761647 754267
-735374 -857664
-793798 -230437
-136832 -459899
406988 -62615
378970 -319228
-432833 -926154
-102546 -944685
-596753 491110
852738 -352736
-165550 -63251
-447745 780654
984134 662240
683998 741217
85187 533979
155481 874090
490890 -529644
105918 -734658
434970 570747
9339 953813
-702951 119549
-202887 -991939
-79879 902789
-239771 -638677
135915 -328583
410730 457699
-767810 492067
897151 -605360
-165722 249311
602822 572803
-368452 618098
-199914 944588
-363788 -734842
-584146 590638
-905111 742897
479138 -20872
152798 941004
945870 -941237
-118614 604697
227251 236704
465842 43664
493388 -791880
641288 -903902
207794 -616956
-592603 124063
-666850 666142
462814 -586809
734501 -794116
-568272 910442
-892528 962957
-840081 171271
67142 -219576
900022 -334235
-929299 -182667
972218 -629890
655309 -36640
-141587 860107
130165 519703
-291127 -163268
504754 -232476
842089 -740673
2487 3285
299431 -335541
-26596 193640
-268980 -656085
-845493 153216
-409564 730573
-24390 -417161
73851 -329112
-35249 69116
605617 -70880
-562509 -914081
-482335 -304784
-29854 -655962
-400729 498080
-655808 -399894
341894 400761
781960 -560148
-522108 -711797
-241949 854724
-931442 288774
263427 254187
102023 -964350
-526045 845662
-892136 -106703
-270857 -560614
851625 -237391
318569 58280
42901 560968
-654188 164745
750990 -272240
361210 754897
272630 692309
-536440 -566783
-238850 -650592
655575 594960
742553 -419660
-177008 -314290
-584798 -936710
965435 905849
-656871 46372
-53891 -615719
912017 -475779
844160 -375809
-648973 939638
-208960 -985586
-546472 981797
-146946 -256578
858192 517379
-713350 371970
-126402 101634
864628 -301531
180653 773529
874312 -145289
-707497 -513881
434453 -813934
651028 699970
-163119 203326
330524 -6916
-156705 -466388
-370454 -548424
-640622 376694
497581 -869351
470124 236378
263891 281682
-495856 -7617
-97810 -805156
626235 -955233
-576057 198324
-248799 963909
-561715 239474
-780462 -176154
32680 461075
-522856 679347
-707682 -545635
-576615 824673
626932 655777
-765496 768198
-801949 -393284
-879943 -697978
348057 870423
-998802 -593112
702945 -404140
836775 -451567
-888354 427398
-55257 190360
-563629 -229319
-64324 82650
268520 -636239
546413 -907265
994422 837504
-805548 -360257
-856355 245371
-406647 329093
-107752 851282
-764279 -158966
-236174 482808
-561196 -757010
-855874 -173377
917384 197405
-476644 176022
291382 -104962
912269 954439
842687 76533
-831778 692421
-345781 684100
810261 225387
-862383 271148
14562 -694805
219045 171012
-844368 -683446
679693 843317
303765 -49029
227108 313016
150493 -90591
-906551 939241
-194649 432453
456927 -677117
405435 410826
-584294 -558234
23762 939404
121256 267086
-147149 548874
-597489 -398949
-154543 -91958
-91968 -300633
738331 746050
247175 -328798
343655 -784061
-482943 678844
-105622 330398
989549 -980922
-323879 -179168
-780366 379681
-67842 207913
-815419 -562951
-614745 -313444
765260 -626192
988354 -980878
498758 -316678
-900970 -223357
834641 574020
-510983 133325
750423 639107
-15186 329231
137506 -842996
120464 -102603
179287 -55184
-826702 -406059
-960290 919990
-180668 -235140
-357661 -918644
495149 -595782
-127954 984506
52101 676195
-46055 -163350
127247 -49605
-638772 -982141
-531427 635247
-738566 895562
-641249 387777
292930 372040
-351279 -580745
611872 345127
53912 -466174
715128 -258406
7853 457765
421222 -24763
-820140 480870
147114 944503
924717 -540327
503924 -233300
-891938 243948
583123 766819
-23243 240771
644662 -626360
-769708 521534
-140551 -503168
913377 55443
-372807 258334
-285244 -522501
-348773 190642
-754825 964033
-840685 774365
31156 597558
-493225 10898
-817948 606672
311257 929527
846743 -178090
282489 452227
-516972 -819551
876011 -564399
293594 -656091
668585 750006
-13562 -309121
-188 935027
785301 -762590
-163310 -79837
-675836 572843
237658 -632124
212952 98082
804373 182867
-880930 102555
-818980 -706805
27915 -573660
252384 -873794
955606 -825830
871824 -760989
-571259 6623
-228096 291804
751738 -344543
689248 481722
120141 -573435
-645285 445610
286090 516119
689840 147114
237667 281863
-337101 -135200
-668421 -353904
-242193 235701
567215 -474229
-863329 -536095
606447 -463851
-484995 976624
-973509 -730365
-727732 -344021
-793536 -457850
902186 -524132
601009 -797197
563988 733427
-984484 -898142
822494 -419670
821115 -448083
344577 -479939
493497 -244340
-152509 -192066
-320088 35163
368962 -2695
772297 -841524
-315998 558700
634358 -856161
475518 -758899
-943705 30700
-61829 -781655
342939 -220308
379605 -934493
411941 961255
-290812 -934659
344273 -948959
994353 -164761
653842 -182531
378784 491721
715357 471116
632877 839161
307163 745280
698207 -234363
293025 -940566
-534417 409123
36831 -627408
-911661 -961743
153477 323317
-392361 658046
-895819 232748
195674 -398559
-352126 -395344
672785 -35075
693429 -192036
505884 608405
-136619 -68818
122157 -935646
-59514 347540
672126 -446931
-467940 846147
-412394 368087
554970 -75721
-604575 8339
31389 272001
-548096 -549490
870868 569888
-943643 990388
427642 798896
273552 -777746
-314665 -430048
-135301 855094
-599120 852554
-972709 950802
391084 -942107
-324886 448868
863403 989708
-840073 -936833
149355 990349
996261 72144
-798407 325363
129161 602094
-709498 807013
426230 -853363
-897043 -53410
-43432 -580259
120555 612369
-698970 362238
719308 472909
955762 -295188
-459387 374539
-289670 -420012
189100 -889567
-736751 764006
-313690 -793969
-149016 -52764
179944 -260988
-275547 915985
60254 27494
-441847 -204155
-650499 -585931
-218853 -546582
-442261 -813651
365629 -490671
800304 978073
-70114 -600774
464621 -261670
-204114 9831
329683 -513324
-94885 -83974
-176807 -726784
348445 645724
-720385 998217
253787 262811
-433947 -528938
635505 639644
-741384 420904
-39226 769222
332930 -837797
-685514 445031
-321041 81278
-877775 386880
94440 890607
-10505 -33501
-544753 -825248
263114 -862738
303988 -82068
537866 793946
434841 606394
813658 160802
-331716 -439304
106702 28153
-722413 -610763
-14929 -129653
-594254 -693227
-872735 41561
913297 298146
800697 -321178
-480635 114594
307464 -566109
168697 -589884
549456 -559140
-754616 869745
-863091 789419
543371 502336
45893 -326980
-926699 151199
489142 -864850
917099 570457
40234 -236215
-868253 26740
58969 -822112
-228005 -701529
887936 610213
691679 -934495
933518 -950326
982956 846246
801833 -645851
71313 -51624
-6442 -999236
-520204 -28
297821 -442434
735496 -977773
552001 -408765
549441 496838
-598186 790668
-192829 -722886
5796 806881
480621 -929248
23017 -131155
702491 -851162
117177 658081
-466868 -16879
-483845 -286303
-191670 -5067
733287 -92789
118456 -918743
953234 -443171
84426 -446272
-239268 -631166
-275243 346693
871954 -159042
-687910 737308
-800305 -904034
-568174 -173889
-963788 -664886
-564221 362262
-556715 626736
-658811 -713291
-141429 -209110
142752 -691162
-813610 -532213
-924420 -235763
-225640 -356599
-557464 692624
-551704 -493035
331838 -153650
304859 -599812
779828 -111543
318739 -611977
-62348 -503677
965835 377291
-115657 930240
-35147 -932968
557447 -264964
-411019 -586509
-272556 304842
178996 -492461
165502 810016
-310969 988152
-708790 230114
907935 298531
581200 404478
-714951 -102278
100931 825465
-599554 792992
-669257 -935279
182116 -50477
335272 654339
407429 637896
-746558 98998
-630954 -879608
-266442 916807
724284 288645
-26570 -107599
-799548 -131848
-514755 -911343
-681601 -43253
332565 -741630
-326074 426074
702626 -146288
-448212 -570078
984506 -872396
607167 -709745
-238136 -439793
492914 -886922
-45593 677088
-15204 942629
-414901 -653724
-556130 486476
621359 -100061
-678868 195026
495127 -176632
-100678 926000
547422 -939412
-285416 76729
362873 251221
-210925 -101778
-496029 -980338
106247 -2993
-542606 -41603
-692211 23582
-770620 655290
412399 -300203
854804 898323
-516330 -876980
-307679 -921115
-150469 706151
652586 -665126
-981919 249307
783988 -127599
200570 -458005
-509258 834939
-778593 -861725
202346 402703
959953 -242272
550466 -651715
-649338 -405488
-774416 492248
371802 407167
-792022 -327436
-862009 -736385
922433 876304
-801119 258683
-396499 476001
-129222 -548260
-413880 -745952
569963 -732113
-532986 661767
-789150 -49627
918055 471309
-537829 338366
-437483 287111
-591383 995223
-34663 209127
-487133 296873
-17441 949216
911572 -660080
36475 843779
-802485 647839
703547 -149829
-564105 123275
930758 -258687
-964380 -619999
-171142 52740
-835592 247514
460486 -930436
954491 662844
-962396 -416576
434762 837253
441665 -134112
134411 -215323
943591 -843591
-833119 -572645
-968038 -712942
831388 -92644
-852024 -507022
989983 891901
-376306 -380269
-330605 37472
-220381 -623893
628063 361139
-910597 425522
-330733 -612869
204188 889644
-940649 -920034
-965625 359853
176218 -563913
-838004 152276
271288 442708
-338864 -131383
-985516 -755643
-150420 -706262
687296 579996
542243 -998010
723307 554732
-843423 691931
-483261 398702
970164 -490830
403138 -848577
649805 894893
-973667 763885
-921025 36747
147167 -536508
-528409 -754480
-924886 -199160
-620142 -144532
368190 -774011
803550 -767015
246273 547796
920621 589161
667629 -859055
872711 -286740
981370 739396
-719632 834004
-535961 262443
-429427 -68698
-983926 304487
-135586 -329101
-930383 -382294
970496 -877260
-125175 182380
-989981 289310
-297921 900997
-801512 552740
-324060 100392
-181852 586917
-822295 964918
72315 -711737
-484443 -653911
762134 -233860
662240 -640260
107239 949206
-906915 790745
336139 -317913
-406763 840783
365938 -731152
618213 -590320
-39554 -932240
-574951 795234
13314 -561904
381177 -663989
118780 -22456
-997201 131946
515509 -138324
126986 -139997
-975482 -16546
210246 -878307
-343506 -549727
-769190 313179
479237 506087
