72
891713 716169
-612563 993692
-456870 310963
-696448 -348022
28892 -665579
-15794 51828
672804 465777
282809 370739
160789 -478865
-776976 110648
-723727 753989
-244523 -71464
332879 -45290
-120996 -913132
873928 146567
-33998 52218
603913 -583763
452535 -266933
925627 933442
-785505 -895499
-123609 -818115
590174 572550
-429876 -477279
-414464 -19740
687305 552329
123455 -542644
527568 -848907
888324 986710
-557907 264422
-716299 399548
-497548 362249
837719 713025
361515 -527850
-291143 581929
-74264 724246
584154 153151
109044 -400907
309644 8099
-333290 -678977
658909 -389380
-891246 -242884
456738 -323083
364167 -911808
346410 469915
567042 -312552
-433580 -973127
70229 -256391
127184 923195
775556 156393
42774 -259921
-984044 46468
-376384 -110269
986311 615831
-394654 -195576
354059 -235368
613670 483758
-886836 585216
-284107 798365
396759 116277
-74635 -900383
-142115 132241
274454 -431909
-800818 -270840
973624 534527
564858 -192682
17848 -89549
258170 -280611
682322 -74923
869012 129696
359026 -386646
-26595 602638
-762021 -967029
