1000
-294513 707857
451543 746164
-381367 382122
232258 194277
740377 635175
201978 -712556
149417 95314
684079 -573680
-763093 -460361
599193 191489
626495 125527
418236 717627
57981 -39656
22616 -698684
409150 377401
15691 -50861
-304062 -90185
-117784 580698
878320 227119
-953839 -373775
534860 -936202
-92867 830225
885692 412
-170417 485514
936470 -164472
-935321 -13422
877246 -674349
-293773 -745642
-904905 -380287
-889696 -246759
-690666 -503035
465035 713061
-261706 -557947
-680980 -608440
832139 716911
475869 -122601
-529179 -912663
-878236 585716
218466 94080
468597 -777810
-297078 578024
-947920 -202832
-651113 587762
-924147 -995423
-776181 689245
-555691 716297
-262501 -705539
-627751 99951
30481 612186
779676 -526501
-3630 175449
15460 224942
-18544 -4379
-128325 -718339
622673 -663242
378569 -133373
67047 -270027
-439056 -311965
980249 -37563
532381 -187534
-479354 910809
-297135 569404
856599 775839
591617 348226
-886459 93091
469366 474574
-498151 45236
196691 210971
662995 -578225
-570095 386812
292224 -985425
-657149 -715574
-440827 -736463
98643 -858744
21477 720474
-277643 -319848
567621 -125897
-1890 -696564
-28644 932223
-70788 596489
-34088 -399233
314007 -18125
164865 -34865
-425077 -117277
682231 -659292
-143772 -85286
-910015 589427
504215 -539689
818227 -396060
371216 313239
681160 -411206
-381365 575313
500741 362855
149771 -725429
210047 906704
872381 114026
355528 391571
-36218 634892
-799289 172711
-193349 -483301
-338948 921879
23726 -409029
-111068 52158
-982205 780947
-236718 375826
51912 105537
820673 656567
942048 877494
759882 -443044
66696 -370752
-403094 296176
491821 29474
178433 -645403
-421748 193149
-121376 955606
-722503 6674
-940509 121334
94307 325050
-378877 217910
989989 252616
-834831 840432
852884 417140
-982514 557884
977298 911725
-69993 674794
-352384 -833747
733395 -235194
674542 122530
274256 -893158
710631 609179
-872615 956928
-56569 482298
-867966 -144942
-865229 745351
321459 202212
-956323 -291880
935749 -996429
679131 -873647
290765 -596653
-768389 -907810
527229 -605612
-470241 -860920
114739 193994
-417811 -698615
398997 -720773
-7808 233326
489835 267403
-744108 -782935
-305697 989011
-592362 549316
807171 149268
278878 330272
-305748 -845930
763739 156170
3882 913774
260142 -187597
889107 -847144
67826 -191011
825323 482852
-558093 561905
623414 -348113
516072 37290
-901975 823887
80482 -408513
455590 -718257
-137245 -43321
-705192 155244
667333 120691
-545747 -573085
56091 106685
-655924 -805683
491816 260723
540886 622093
285374 338258
-908158 -351740
398713 534888
-721250 -857150
703134 -749024
-498298 -21989
474041 -806194
445750 988983
468618 345463
-951142 -688511
-549502 629486
-345767 -823098
-399024 -750253
529897 535332
85515 -852464
575590 -769972
256458 894163
-756026 190513
-771412 -578162
-187634 -692202
-604245 -131716
-442650 907814
-938225 -806646
-634441 -247225
-577924 -175645
587814 730942
611157 462056
534991 -734618
202459 879331
-266626 -393020
113070 -458530
214578 881150
-631007 -160071
675044 257224
-630523 -460307
612660 -755002
477680 -566001
-365101 595567
-319469 86183
157974 617008
-975537 111157
-310594 477473
-727092 75364
202146 836786
-187296 -875878
303476 824773
-487804 -821460
180659 -209737
-238076 710607
721332 827296
-299314 -6900
4672 200074
353101 374261
-840546 -332744
592260 -708908
-955392 -300294
-706163 -29193
-366785 -22567
-265601 -324638
-47008 -501913
-779270 -585819
-359789 877007
454876 127065
8595 822353
454283 285263
-476112 -731838
-176172 461184
436746 -969575
603827 775042
537505 509854
-529250 823767
471752 488331
-298005 263967
856835 563841
830054 -732739
831244 973586
-768645 135244
559230 -631738
-36426 -447535
-564204 -824682
-911200 -483022
550527 860152
480291 -597303
997435 671329
-508377 -752363
-840565 163318
-660976 -747892
-543538 975161
261937 -349971
-108324 -273091
211176 -117983
190449 953541
-343162 -902104
419407 648604
805901 112619
-844543 -251317
363371 -271253
808950 -312333
-745221 -435625
266069 -359757
-946181 -617071
835529 -294740
-907581 -253978
368393 -138726
304107 -426026
327814 716626
880013 -23545
-879909 -39337
182555 219862
-758804 -105311
558898 181834
-327822 184641
-726422 -61638
-399738 -584564
-190577 166063
99084 -332606
-545806 -913975
170072 -624648
-984700 -598181
-554973 -894686
257146 -466064
933631 499806
-95726 -817696
21181 -170986
1207 390333
919518 976379
-542284 137141
-193983 -77609
-382693 -921599
919366 -983812
-591385 -858528
825346 482300
138697 812590
-208591 192875
-320829 -411903
2555 853192
-983300 -789918
615744 -734045
-2246 -328156
-675367 -147105
939081 329689
390889 -586623
378292 846813
-674796 -867372
-4762 346301
981464 663162
-22571 70301
890559 500201
-488515 -746135
266565 572434
-226998 -48613
150320 -532410
-302193 696244
276087 49714
-471704 -251216
-571538 -754684
927956 701424
-12743 -35488
65241 918803
-237660 -873920
183433 -242234
124841 591779
-799665 458849
844564 -741211
-295245 570143
648072 -830366
-858022 690094
458626 378538
422915 -262190
315410 -586446
998038 122137
427558 576360
-831498 -392160
815542 79504
-107148 -798586
-850254 43550
802483 9977
698265 -42378
980760 -665699
-174710 242274
-560630 -810914
59 -16383
-425321 664396
-105918 404913
889170 173874
309657 -806136
-675810 614087
-808031 474833
101852 952519
-662755 899443
798101 335774
-109770 55983
512992 -317683
59821 -851250
352019 -921935
-370047 730614
-418188 -915429
-808631 495224
908061 -761979
863389 -757366
694539 -361774
-691899 -366260
709195 -742540
261279 552120
-761207 440262
84082 -203372
-542342 -919792
911821 404121
-221336 -472414
-25759 -808997
444053 -138635
284905 -955749
837243 461296
791046 14147
41988 -452580
-899127 -468454
-363459 406057
205110 -292976
-413194 -926379
282101 -322134
-923023 423591
-337751 -368590
-756822 -957526
-973771 504658
969838 261041
-559211 106695
539730 789790
633833 -777865
479002 599849
-432933 -676049
-923605 -857535
-501260 -625318
912746 -103884
92292 -961242
38395 495671
-97634 28461
244745 87445
321566 423436
-871239 273132
-278916 362488
-654955 -406296
-388447 299779
925472 904839
292421 980348
-288128 673651
-626031 -914182
361475 -989136
-145870 92354
-967905 363009
173672 772620
543659 308294
-954841 642158
-618993 -987593
-756446 -760262
-220344 -908485
-120805 214445
42316 -807557
-967484 -501818
592468 -492089
-591448 58600
182765 792136
-80104 284139
-417190 -513274
551654 -596138
-2506 325190
-201134 816970
117385 -958017
-696797 752617
-137203 220088
-703611 810511
389585 293927
420181 767137
-629968 -2376
142414 -594339
-383125 -304964
592196 953798
497542 -416406
108455 534966
-865816 108783
296112 956219
197562 498756
195038 553896
894887 71249
-741416 505056
613363 715214
293851 698250
-567620 -558367
107580 746746
-592101 -378443
51235 466888
-527887 914783
465781 527018
-823137 -752032
494375 67107
-718385 980128
678759 7514
600675 -987145
-616301 589791
-375061 259280
982809 773810
481654 705650
676095 -912043
-148075 329698
-212987 228663
-229183 -573509
780851 294927
274647 220866
-141258 -487019
877402 454109
411349 632680
-542709 139116
534664 309136
-201443 308932
721503 36334
-813953 -304048
-516698 -246711
-926714 427591
363901 594256
476586 610700
-781368 -909291
616447 -564994
-887113 747712
249443 -136367
-896253 768554
468045 -326389
620015 -616636
-587385 899738
-929422 -980052
496573 501091
-739908 -248613
164363 953551
676079 198420
-665768 28927
254024 863170
795021 -15147
191913 140678
757163 728200
723825 -231778
-981241 -47616
-413783 888005
-122686 598438
78002 870607
-17549 -814662
728607 -285455
-458192 -138657
-335246 -473945
601612 -134528
-579425 -697799
-693458 554807
180973 187378
-640775 -193962
-571728 835215
-219317 208898
-946031 880802
953291 448270
-175885 -855092
556177 -849951
179866 -272957
734801 19517
5259 -107137
-321912 45146
412355 -472330
-583625 -73303
-417550 -895689
-990641 523418
-6226 -990925
412982 30401
717306 -643057
-735926 750603
-371447 -451770
973120 306659
-424204 868400
739094 -73932
696309 905772
-366541 -541764
659971 857943
-35114 -27807
599221 855410
-192664 -457939
-537286 215774
-176081 718859
10468 712719
-783293 -211835
840347 279711
-437824 230592
-943791 -337135
-125170 583167
-834164 450553
-993417 -475744
437242 -321623
-740173 -310855
738550 200967
-684410 -893950
-865948 -74344
559910 -820454
529207 784174
-606398 378647
-270502 287552
51482 -413111
-866674 -927981
470891 654551
616704 206897
949700 622918
152792 278167
233907 304039
640335 -554611
755173 -300166
851232 -988937
245906 -835163
182780 -799541
-246031 -591522
381659 318032
991210 -370582
-713085 813217
415251 -973748
84009 -936135
-91322 -345335
423261 -693110
-125230 -945101
-439562 533068
-184829 880427
134809 -263066
571946 613102
706378 -933230
-341341 961876
180614 919317
703766 235949
390228 814632
926573 -600945
294740 -486155
-860587 141849
-143715 766742
663488 -369810
-738231 -328533
-470291 688289
-352485 -497279
241330 532705
86597 -250234
-21788 -197698
534947 -305309
52247 -218102
439511 857972
-956156 751065
-672127 892915
668181 -158074
371376 706871
-627215 -243590
-639515 -389408
882839 -618664
659283 -965838
-632324 -44482
554697 -781482
617150 -732835
198879 43643
759014 -877161
780857 701592
207608 454759
-348517 -776555
-34160 -561351
866575 800504
16846 129170
-70135 752855
792116 169997
-410604 360112
108851 183036
726836 569543
147740 -692367
-406568 -36179
-374115 129012
944743 599627
-22446 679510
185537 988107
800753 354231
458749 -482883
-794441 345515
661013 -728728
170946 -529721
-38702 -700145
-985969 -507135
-191762 -202215
997321 -477925
773464 -672630
-737326 -713207
-668317 -388006
516366 913123
-930407 -284459
-79660 -176488
-916836 795262
513849 816672
-647381 -145543
347864 -100821
327950 638668
-233169 106284
861848 -56590
-641165 395640
-301289 -728352
-90763 -458584
756809 202873
106570 147465
-170161 -794008
292057 619204
327026 304867
950857 818718
-659632 -999486
346842 -290953
-366584 956279
-826121 -558075
347341 -642327
-287475 -604057
496573 -34952
635485 -500990
-684348 986555
-792484 -345581
-967891 -127577
-792009 581652
-965440 954602
-959076 974730
131962 -463277
-704431 -908026
-225948 322308
993931 -502578
-854221 668331
-816272 -496284
43043 410110
133323 608284
-250704 -83107
-387653 -91347
612719 257082
875595 -733214
-705872 292909
-103704 -839170
-870162 124667
-787109 45118
480705 -62150
-918656 -497833
-322785 669976
-398702 346457
-541336 839361
128963 -742057
710004 508380
757995 799456
577279 -971975
356697 938834
-329284 -472791
670057 -408432
-271072 -367901
87451 120323
-222554 69716
4997 748547
892959 93930
-268756 -975067
333421 -834580
412485 564358
373504 -615078
756240 307156
948434 462743
964838 -997951
-150134 303251
-257916 -478921
-498013 -160500
866046 -530745
-216292 150584
-7798 -375339
234076 -415890
385508 -308132
239036 306562
-929667 -392928
-243062 -900216
469446 -556209
-709612 273384
-976171 -428990
-389525 -766508
-343226 930644
-50476 406037
164041 862297
-185440 -246048
-568840 773104
185746 -265760
824272 -185416
-53215 -175722
-835256 -258799
-468582 540391
-82527 680940
364676 833
-323487 830138
-740517 47188
751038 -918565
738254 -347634
665553 670316
545284 -255758
797324 638687
-848426 -454169
-587025 300099
950686 -968312
909312 -886372
-697700 705500
-47800 -810160
90729 -560457
72853 287252
-698176 67658
786132 -475507
-630305 -296065
239231 960417
510730 -518293
-318618 -21355
-361508 -52233
324475 -852738
699441 198246
-312149 645820
-741935 -317458
469900 -281946
993731 -126815
-334154 -356111
451752 -448774
-830520 -763106
-643142 760357
-323260 -455904
-241047 858214
-160618 -527223
-549564 -681860
764428 -626780
599202 201948
-862316 163057
266436 -751880
-800251 -99997
-88089 850627
-243178 458203
-216816 -498427
260920 689341
250868 35661
-104309 -287347
706071 107696
922056 -698877
412405 -572048
-427031 -687465
545357 -228820
595365 -68583
-792045 328192
-729378 833902
427989 -86585
-828857 414613
-548512 889687
254143 -487681
-273701 -809884
-126537 829204
983384 368680
-832198 -766872
102526 -989644
446011 -701518
-185645 288761
-258783 -111466
384663 -947711
886682 348617
418482 -909394
-732540 -691447
35838 -60325
732197 -351680
591529 880458
317393 532227
-634584 740647
873518 -741294
-837429 404735
-203602 713549
671155 -243298
-684665 -350542
483155 -752795
704802 876959
601253 886061
811206 238574
-367344 -151944
-6452 -219436
575911 -703103
461889 817129
531814 469301
-912878 59521
-702299 984471
938408 -165940
558368 896193
-555257 502110
-345506 -693889
789795 -376854
-104262 -961627
114430 -852631
761362 378986
-193743 -409567
44796 -681723
-465629 609816
-812067 -927217
703860 88707
370186 -304090
-315084 903940
-920797 453287
353895 -119131
-58905 544358
454385 587100
866225 -784327
184749 69320
769410 -886462
-319759 -929045
-321757 -343009
-820865 -428199
-229376 580807
-491665 -447601
-784877 -583532
-861193 -311249
-986992 125047
784210 -499991
836221 -485006
299355 713367
-792138 218209
-934753 -718350
-213813 729
343660 373698
846796 -466176
-421800 580501
502844 402641
-112551 527468
744069 -76319
-505917 -82038
983772 -847250
-418880 513657
-510000 117917
331614 356506
597439 361012
667049 987048
-237966 -133469
-727497 -574725
-9842 640021
-675763 275210
-409744 26457
332936 616772
-751588 -534591
-737141 -921644
161290 99759
534467 951236
-120418 -24095
149129 958253
207353 -631490
-992523 -274234
792851 -35055
640337 148362
282521 -153116
-180280 -262473
81464 505071
689744 -894369
-339939 360977
576931 831868
-140297 564431
9983 473605
957662 -671901
-321305 569713
-487264 268832
234427 173888
-210542 518250
-39674 -693449
-831124 -407166
261651 243825
217244 -807181
445773 390911
260200 784504
751551 335998
960226 -634650
619103 457398
610393 904217
975995 262335
-998532 640188
816800 354596
341223 -504111
748735 -348409
73651 -366156
-650037 419786
-32075 968840
541404 558560
473971 211640
-165898 559588
203231 -948985
-388360 -455131
533699 -64806
519141 498004
-161383 838442
-973482 -625361
992936 -78495
-565677 146371
-638445 157087
-441602 821393
-98257 970524
947605 -510424
154197 -591457
171528 582807
8801 -107920
274777 -307349
-635509 -582637
-188468 403428
-723659 -260152
-681255 203178
286320 -846762
186356 -56159
-456861 -594621
-789392 445239
271722 894923
-71897 900985
-49828 -768045
68533 845886
425097 920616
489541 494455
86518 227443
-623164 750579
-645491 247863
-410014 -8388
-49436 315198
-713368 777800
264188 756515
342381 786853
-400181 287432
-219057 -431016
-752268 399508
-496212 351421
-303094 -100539
458122 -97261
719484 -159614
-224525 -205249
-763771 162325
225827 752529
-427452 464825
-986396 -272660
-54477 282093
278753 246179
