306 8843
84 74
144 265
286 179
144 141
80 268
66 293
12 163
84 299
245 106
133 25
104 70
93 86
102 278
73 103
250 2
117 85
226 23
197 185
72 64
182 24
61 296
46 54
160 103
183 220
27 10
221 304
157 231
209 238
302 157
143 50
161 72
278 7
105 115
70 129
238 113
200 222
106 24
3 284
238 132
76 83
28 156
23 125
283 251
271 110
97 271
212 57
281 227
146 280
90 190
184 10
218 290
235 93
13 15
164 254
242 46
246 130
133 33
223 228
231 275
297 273
218 68
49 18
173 227
259 292
164 265
12 185
101 109
78 45
59 210
134 105
82 217
260 130
141 135
239 259
141 1
88 92
231 198
255 285
48 27
134 153
290 45
84 106
299 292
72 251
304 180
47 2
30 73
55 220
160 21
284 244
54 20
6 269
259 134
13 60
235 100
280 158
44 303
303 58
221 68
13 159
49 165
304 174
93 121
11 104
243 40
225 64
123 167
245 221
15 216
177 136
16 139
269 24
99 268
170 208
40 207
136 286
73 3
234 286
114 44
83 277
176 300
46 141
144 134
45 305
225 74
5 27
144 53
30 255
290 119
271 91
298 133
30 239
120 4
264 197
296 203
24 211
97 151
26 262
144 212
91 218
176 235
298 195
116 293
71 78
260 259
154 123
277 138
114 52
159 293
86 185
77 208
54 275
136 221
97 156
105 160
172 21
142 76
271 66
6 70
243 292
169 231
141 55
282 276
218 138
214 18
104 65
39 234
240 272
108 270
85 290
249 101
213 72
299 44
57 78
190 75
143 104
31 208
136 91
25 48
53 3
1 287
94 143
9 61
213 103
228 241
37 171
102 267
133 269
117 79
92 232
306 47
256 170
212 156
87 298
230 282
120 76
187 256
175 46
23 200
19 216
172 175
121 294
266 16
261 133
124 33
100 219
184 297
180 245
34 225
176 116
164 14
25 274
216 272
145 118
217 5
262 175
151 138
272 155
226 271
58 193
186 200
45 149
204 110
303 81
101 204
157 239
280 161
107 214
64 47
151 206
259 184
9 282
204 185
219 291
102 245
23 231
101 280
271 192
141 183
252 282
138 160
59 243
95 281
119 209
97 239
84 93
18 234
198 286
242 104
52 301
207 147
29 262
304 82
206 124
191 306
67 118
207 63
61 85
293 230
1 38
105 242
53 239
167 132
96 155
30 157
273 261
127 21
161 171
129 257
34 276
14 302
150 125
178 13
77 181
229 115
146 135
183 69
110 137
194 271
250 266
234 72
7 126
94 272
283 289
42 84
83 116
2 283
131 112
212 248
283 15
188 247
243 207
262 117
272 29
255 41
69 204
3 297
230 236
251 298
204 86
4 52
97 260
152 218
82 88
256 133
161 177
208 135
47 286
261 305
58 218
237 222
72 80
44 155
67 30
269 287
11 266
21 148
91 199
194 150
17 40
173 170
164 274
98 151
95 66
169 293
120 282
233 203
180 227
179 71
302 306
188 71
232 150
219 160
13 142
46 113
128 107
121 269
23 165
103 79
196 273
216 121
150 68
204 227
160 128
232 38
12 287
52 106
302 256
72 30
296 27
186 8
65 300
6 233
1 299
243 9
153 267
119 51
60 86
103 72
97 222
167 17
267 73
68 128
300 179
116 209
198 57
33 17
117 139
306 96
241 270
44 10
205 80
76 251
153 232
253 114
140 209
248 279
48 306
245 232
163 45
67 299
306 229
96 208
184 124
66 258
32 137
2 34
117 164
278 67
285 44
150 248
204 121
54 197
173 113
195 271
86 295
290 214
295 50
220 233
143 128
19 102
228 197
92 245
8 78
195 148
105 5
196 289
99 246
256 6
84 152
269 268
20 82
46 245
187 16
79 31
38 179
108 251
303 235
63 128
75 241
69 156
97 58
106 233
141 230
81 127
5 110
51 45
32 56
119 235
166 280
51 43
10 34
29 158
84 212
73 118
272 269
9 112
222 73
252 306
56 27
72 302
141 303
45 30
20 111
1 18
113 224
102 277
301 29
244 102
56 85
45 3
163 287
148 206
82 255
258 73
209 83
256 90
96 230
149 294
33 120
91 25
84 38
116 165
138 68
63 43
210 48
76 220
274 144
200 246
54 60
39 271
165 110
68 235
206 247
18 178
291 43
236 32
50 63
38 94
87 294
201 30
185 225
242 176
32 43
93 304
126 272
163 254
233 190
31 192
116 153
49 299
291 235
143 126
159 155
219 293
170 132
1 133
220 304
297 189
10 65
153 117
254 117
291 79
251 280
11 43
12 155
32 111
134 156
305 4
251 138
96 127
133 85
232 147
193 152
124 81
141 252
14 60
12 80
118 182
173 43
11 207
288 95
16 269
24 72
177 178
65 56
250 198
224 306
17 127
275 268
85 282
137 76
181 264
214 52
12 49
179 263
5 80
54 19
263 42
103 264
83 186
9 238
57 134
40 291
206 259
220 268
176 97
242 208
75 209
90 178
178 133
36 37
192 110
128 10
238 52
263 243
58 227
277 248
152 266
48 261
75 291
260 17
174 245
248 213
304 116
180 185
64 101
158 244
107 156
38 235
268 46
150 149
32 48
298 129
252 262
304 298
202 41
48 175
51 11
227 45
228 278
281 210
231 60
177 126
197 283
128 130
258 289
281 14
188 95
292 155
12 29
225 200
85 212
262 237
256 27
257 151
115 239
111 40
45 140
223 305
261 175
90 189
200 255
214 203
63 183
83 280
10 229
144 55
149 90
280 84
28 197
227 71
251 274
100 92
134 289
54 65
189 43
158 113
7 174
167 158
9 283
24 241
89 71
91 55
217 159
284 87
26 101
167 194
170 71
229 291
208 18
28 87
112 13
198 76
247 141
45 165
51 174
184 88
193 12
22 251
222 248
118 298
137 72
87 232
169 133
100 85
146 17
133 13
111 94
247 193
179 79
141 262
238 99
66 104
269 99
78 8
266 43
229 237
304 217
107 220
56 172
112 62
205 276
254 271
139 282
256 83
2 31
234 145
192 6
83 75
156 304
183 177
217 33
178 151
56 197
74 56
21 160
66 123
51 144
241 55
193 238
216 256
279 66
297 115
290 41
222 261
7 44
62 204
245 275
153 106
299 210
62 67
32 240
124 276
300 269
87 13
153 304
190 159
232 118
5 93
35 261
267 168
47 58
303 159
162 275
279 241
194 208
281 188
121 243
36 83
21 186
69 21
21 8
127 103
290 288
226 39
241 4
108 132
222 100
155 186
251 300
169 9
216 179
281 220
135 38
167 195
231 270
53 258
305 109
261 194
156 213
274 241
286 144
151 226
283 45
291 55
266 294
84 75
73 200
271 86
175 261
123 62
288 248
286 174
147 288
292 285
86 146
44 256
123 258
144 33
275 260
273 151
138 278
304 306
97 114
219 144
231 262
107 45
155 149
253 47
147 38
112 235
158 243
4 1
212 107
199 181
47 245
107 205
194 185
198 116
92 252
287 145
263 160
79 93
306 189
211 34
190 129
176 135
227 263
126 81
55 112
19 106
189 190
292 203
50 143
273 240
96 21
23 178
166 252
90 22
197 219
88 288
274 8
127 292
141 304
72 288
177 18
292 81
129 13
267 16
78 286
3 303
197 94
105 184
131 159
264 222
295 306
143 250
6 113
74 30
21 140
163 184
90 36
246 195
120 94
79 39
204 214
248 111
306 94
101 164
169 76
206 112
124 34
287 5
186 301
182 126
201 297
230 157
59 278
294 61
91 150
123 221
56 109
268 73
261 34
229 272
90 123
45 82
110 148
9 13
145 247
106 99
297 60
46 257
137 23
128 291
133 281
277 118
135 116
277 111
63 88
6 139
125 217
23 157
100 269
219 230
200 258
207 134
209 54
171 121
179 87
262 189
122 280
207 126
154 218
144 258
125 69
210 66
98 138
197 158
4 121
167 274
20 93
186 142
214 40
161 195
130 7
20 279
176 274
167 179
78 229
183 242
131 20
64 62
30 123
282 293
279 104
30 273
118 246
38 234
237 226
63 8
187 193
222 126
215 219
56 26
242 271
154 139
196 291
259 25
144 172
156 5
102 211
162 52
169 139
133 240
239 74
141 170
189 289
74 282
280 146
237 113
103 65
197 305
107 74
214 182
207 57
149 200
247 265
115 213
174 35
275 178
66 7
66 274
88 301
235 40
261 56
273 30
54 30
231 104
197 66
231 110
219 36
207 300
213 159
86 248
33 184
179 60
54 303
255 179
293 139
139 285
162 177
101 217
227 52
49 40
137 98
43 116
304 271
140 86
76 27
268 82
246 208
254 259
249 138
170 267
96 143
233 217
42 286
241 133
160 130
191 6
162 167
56 132
113 186
186 87
4 101
201 75
215 9
217 277
180 11
238 167
206 72
12 202
74 237
282 40
42 49
246 32
268 122
240 16
112 274
123 159
195 147
255 111
165 60
206 133
216 61
79 90
282 197
73 163
154 93
263 284
156 138
292 135
160 50
37 211
219 164
30 236
294 2
299 71
286 225
141 258
56 287
232 218
217 141
91 121
7 46
74 227
55 48
260 177
9 33
165 297
64 158
253 222
118 256
202 96
150 36
249 54
264 169
39 199
274 14
80 180
190 97
196 11
176 273
149 37
173 260
207 254
286 268
257 241
184 160
200 187
41 153
200 189
29 45
125 83
171 139
229 214
128 170
170 16
207 60
250 43
259 72
211 3
42 184
57 287
139 272
220 78
206 261
134 100
2 215
65 295
82 28
300 5
251 13
174 161
56 191
183 121
165 101
76 91
168 167
87 250
292 268
256 3
35 229
161 174
105 64
261 67
276 73
128 174
21 168
9 4
16 98
271 177
297 277
256 73
7 259
230 291
79 263
181 35
164 125
152 86
96 199
60 40
292 201
174 31
155 171
46 83
67 146
178 145
91 69
52 183
100 110
46 200
165 203
293 160
158 65
91 145
82 239
124 259
163 243
247 229
170 148
93 259
280 267
95 267
220 8
22 300
128 226
50 159
297 68
207 55
264 283
252 130
1 216
164 104
260 166
12 157
138 39
280 8
224 249
38 167
79 242
224 210
249 53
109 232
98 97
118 82
248 12
175 123
120 65
283 77
252 77
169 106
144 280
278 8
294 37
171 60
295 200
295 290
278 251
107 302
187 92
114 287
193 256
30 25
198 90
125 84
210 64
249 180
14 174
23 224
49 158
174 231
58 267
256 279
211 303
83 65
123 255
84 306
228 256
222 174
21 178
103 239
103 220
89 209
277 203
140 253
113 243
134 135
284 73
18 285
85 190
297 182
128 196
48 19
16 89
278 60
82 242
181 190
178 267
233 46
15 220
185 29
253 9
34 255
82 203
59 232
181 93
297 293
214 193
154 261
135 24
75 159
249 82
202 192
124 130
280 276
224 190
212 279
282 175
221 112
47 22
123 183
302 184
163 253
21 290
6 302
143 27
158 194
179 131
191 8
268 132
58 33
23 156
249 250
131 155
249 245
71 5
74 78
185 226
162 283
247 212
50 301
91 300
87 95
137 88
48 39
91 241
198 249
249 193
156 69
143 248
125 41
173 53
303 157
19 227
171 48
165 298
158 45
67 180
230 264
191 17
145 35
3 131
26 121
241 221
50 127
225 9
251 91
273 105
141 82
3 229
126 103
296 197
268 300
205 296
99 92
79 251
177 242
19 77
231 71
10 70
109 205
258 190
74 25
7 99
298 108
271 24
215 85
290 12
136 267
148 225
98 279
116 286
33 287
42 237
109 4
131 142
209 231
132 178
277 141
31 211
175 273
243 294
183 4
57 279
226 137
228 115
115 259
170 201
180 29
70 290
47 254
1 79
220 225
241 290
53 174
211 191
146 205
10 206
45 91
131 263
15 255
9 72
61 275
23 73
51 305
203 157
206 277
274 224
213 288
1 13
128 63
112 220
217 288
27 198
254 32
268 133
35 215
222 198
72 122
285 293
89 293
143 45
142 75
108 237
284 219
102 56
164 293
210 126
212 292
157 160
293 59
92 153
16 160
65 141
221 305
57 107
86 276
211 39
112 97
157 145
80 206
125 114
176 287
38 130
111 280
165 75
10 59
46 241
192 293
103 134
219 136
93 207
101 260
137 211
230 75
81 300
289 46
17 301
45 179
88 54
91 290
24 295
224 147
164 90
205 97
303 113
209 256
8 25
144 58
55 86
205 3
262 220
57 166
207 23
281 276
128 39
167 47
78 30
210 128
303 289
145 100
52 159
182 225
156 263
287 231
243 118
19 158
263 126
165 122
257 270
91 164
208 261
12 4
267 29
216 68
298 9
166 161
274 208
17 261
62 136
259 119
194 87
78 16
155 175
190 117
235 148
198 242
124 247
275 304
283 123
195 237
222 294
168 64
142 107
77 59
38 248
63 96
89 260
52 58
206 171
180 87
55 251
82 31
75 112
217 238
119 198
187 259
251 5
149 297
105 21
10 88
70 85
249 242
284 268
20 145
147 214
45 277
59 234
183 139
102 269
151 166
207 143
40 306
190 121
22 218
273 141
56 119
116 43
164 33
81 6
11 238
10 148
266 146
213 24
287 267
36 135
236 5
170 298
222 287
241 94
199 189
147 30
101 83
251 174
157 115
163 286
217 248
52 172
242 7
100 218
199 113
158 138
100 250
233 288
229 165
241 197
130 210
148 75
78 257
149 30
126 66
86 279
246 180
181 172
125 25
162 273
171 236
238 168
33 304
50 277
164 285
148 280
128 290
248 133
181 207
19 20
81 260
59 78
253 188
300 45
97 182
118 152
7 61
45 257
68 237
196 214
181 97
259 227
54 235
122 142
133 234
127 278
57 306
137 270
256 145
77 45
178 11
145 38
270 156
206 80
226 277
30 209
50 135
293 164
239 107
237 200
86 122
134 259
294 292
239 36
294 16
274 6
285 69
233 256
238 227
114 55
269 172
233 196
200 181
94 31
205 42
43 22
96 121
73 88
69 137
140 280
190 194
255 71
62 235
69 302
72 215
3 164
1 73
254 245
301 165
63 250
54 210
152 79
42 98
170 89
49 227
158 218
120 169
258 37
131 246
158 159
117 158
129 175
278 159
74 80
60 281
200 148
110 213
51 262
66 125
179 14
142 151
257 264
65 199
129 184
110 94
95 94
93 43
162 222
241 13
155 58
299 248
252 50
182 189
17 82
99 183
169 221
122 259
14 293
210 277
300 244
240 226
186 159
253 41
124 62
145 58
257 283
25 4
175 132
191 237
33 1
2 291
18 236
105 208
219 141
285 279
176 216
248 291
256 174
247 2
50 145
18 224
293 303
269 176
22 243
86 160
265 159
236 221
155 91
94 242
208 154
170 176
56 88
87 91
99 198
16 240
170 63
139 113
34 109
250 180
106 150
282 226
63 303
265 212
140 203
16 190
16 78
227 41
19 38
47 251
141 195
39 302
84 14
42 127
302 70
123 125
210 221
185 126
191 168
269 187
23 143
239 298
271 258
191 60
106 156
167 192
233 112
225 44
128 250
267 197
290 257
89 55
11 184
276 294
82 21
105 65
3 5
106 175
63 297
60 233
238 60
138 186
171 164
14 160
293 260
146 262
34 116
272 83
116 24
81 242
79 11
215 270
253 176
173 201
127 44
71 230
170 154
174 176
64 2
284 150
171 137
201 142
20 12
67 198
77 185
106 183
59 97
138 196
38 163
54 228
246 253
111 191
220 56
123 1
96 160
259 33
237 164
108 48
135 47
116 270
52 20
112 239
293 284
75 137
69 63
144 22
292 84
106 9
253 75
54 248
222 41
128 56
188 166
66 26
294 140
112 149
261 188
17 270
45 243
62 168
149 171
113 150
235 288
69 162
170 59
273 148
271 137
97 254
130 13
76 44
158 264
130 153
211 142
71 118
212 108
14 114
50 138
170 173
218 198
223 90
14 120
113 295
234 161
35 24
284 182
144 15
27 96
195 68
218 199
293 188
201 36
41 246
179 151
122 269
172 142
43 28
33 134
173 140
4 275
182 217
24 202
193 66
131 234
108 286
304 147
12 117
4 201
201 213
68 167
238 90
2 11
8 296
236 259
109 216
205 299
13 77
131 252
287 93
58 123
195 241
21 222
152 12
130 202
227 132
260 186
296 298
100 84
120 250
237 59
260 71
261 25
241 23
147 290
53 89
290 48
162 125
109 194
204 71
37 275
59 93
147 14
206 10
296 127
270 187
198 12
133 247
121 198
34 241
43 134
92 298
197 146
36 65
228 108
247 71
103 131
4 49
192 144
10 257
140 66
267 277
167 130
236 187
285 148
73 62
31 154
127 225
26 270
231 219
61 294
155 218
71 22
255 141
190 288
173 267
223 201
211 24
221 202
33 91
276 122
289 36
258 220
87 58
7 91
18 197
193 54
275 2
283 111
138 106
18 295
166 63
200 76
278 223
256 293
33 11
71 294
133 100
134 18
180 205
20 1
164 268
73 55
286 172
24 114
267 71
167 229
145 229
211 238
295 133
195 144
24 162
22 3
285 75
139 301
264 133
271 151
247 255
53 107
145 77
97 207
278 239
99 103
120 164
140 85
297 224
84 202
268 191
69 13
144 4
305 180
222 86
299 288
86 50
219 297
157 141
228 293
81 19
220 58
22 105
33 7
220 54
257 115
97 221
36 51
88 26
205 287
7 35
214 162
149 303
120 222
294 172
268 89
51 60
26 263
178 221
198 78
110 45
62 83
186 89
54 263
263 72
234 267
190 40
281 148
142 252
74 273
107 189
292 246
251 304
5 62
217 17
233 175
121 24
150 50
234 87
74 162
57 43
92 147
225 269
18 254
227 56
150 89
53 197
28 158
114 150
186 290
151 30
278 93
89 95
205 183
117 199
72 295
223 83
144 300
101 247
32 305
169 267
298 135
73 242
25 114
56 248
303 26
165 225
222 144
204 206
301 215
119 1
19 245
258 148
272 286
258 141
188 40
47 257
84 114
128 33
102 40
222 14
205 145
84 204
268 242
286 230
25 228
293 268
212 259
110 117
303 43
81 303
161 215
124 176
212 58
279 258
213 45
214 224
231 73
236 222
251 37
54 67
87 238
195 58
92 72
181 288
158 151
166 124
298 270
71 298
300 237
201 295
129 278
28 91
274 305
205 112
249 235
139 22
175 146
218 282
258 46
306 136
306 247
291 274
122 295
256 291
75 253
14 69
96 29
257 259
195 180
181 285
123 161
116 85
9 86
155 56
194 164
241 25
97 292
45 51
2 109
238 74
252 260
11 178
18 126
24 9
52 32
288 252
55 305
250 58
144 287
117 196
289 219
117 264
84 3
222 304
110 219
297 82
206 158
54 48
81 128
101 2
141 84
232 271
100 2
191 85
111 42
52 221
175 234
122 89
101 3
240 163
131 1
211 153
170 43
90 212
163 198
217 68
68 184
215 136
139 138
219 263
77 232
55 247
234 92
156 114
190 260
232 3
189 70
192 52
123 17
267 236
290 158
306 259
107 19
173 114
188 39
300 161
183 61
229 147
282 288
261 240
55 253
172 67
185 141
306 237
4 181
238 264
239 258
35 248
66 133
255 252
153 75
36 191
98 161
237 173
212 28
118 225
88 104
9 164
159 208
75 81
268 260
152 188
26 286
100 75
151 42
122 299
223 164
90 299
188 113
272 213
64 42
101 193
76 108
31 74
217 74
112 126
119 120
51 156
16 203
287 99
103 208
218 51
264 217
225 22
135 284
195 171
17 174
147 220
178 52
84 164
130 259
86 26
16 246
26 182
49 5
128 153
294 263
159 279
274 33
40 21
294 200
1 226
240 205
185 71
111 161
105 278
227 126
128 206
29 287
233 21
116 199
7 301
86 121
196 152
107 148
260 23
306 84
277 50
86 282
75 194
198 62
183 24
234 10
172 89
183 111
220 7
207 206
117 202
102 165
34 189
153 116
161 233
169 56
5 14
165 134
112 263
263 181
160 105
54 127
168 83
26 2
8 185
16 109
138 211
186 56
58 93
259 46
101 62
53 81
150 284
277 43
121 62
142 55
3 170
239 43
202 56
58 213
183 128
45 297
90 88
23 96
99 84
205 187
175 215
254 302
248 219
125 135
47 301
13 89
219 173
9 3
119 276
237 132
183 23
169 163
272 114
306 204
290 134
115 156
41 30
302 37
65 28
219 57
306 154
127 186
76 69
53 86
248 89
231 39
114 155
209 166
168 86
78 197
190 188
38 95
304 204
122 146
299 96
65 3
169 286
245 21
292 146
109 117
181 165
139 275
279 116
234 36
149 286
255 52
138 100
43 106
156 36
45 94
50 101
211 47
293 239
104 31
181 175
127 275
239 15
126 106
270 10
94 101
13 111
162 154
196 172
39 8
157 245
139 144
181 239
279 286
182 95
208 301
223 225
87 118
235 19
131 2
82 236
39 85
28 218
101 300
114 229
71 133
10 239
102 37
101 43
299 243
288 103
120 234
234 257
31 171
52 54
191 36
282 286
130 157
177 90
262 281
161 287
136 144
132 10
305 101
29 24
21 274
119 21
274 44
41 130
230 57
198 216
24 280
84 199
232 254
92 237
2 42
119 69
190 296
171 4
229 108
33 124
228 98
18 288
177 269
154 208
60 58
205 142
164 161
278 133
106 188
131 106
83 193
257 87
272 276
68 25
19 159
231 38
239 223
78 140
33 229
206 85
84 127
299 93
87 61
24 247
83 203
109 28
105 149
8 202
94 97
212 38
111 19
53 242
5 261
75 92
145 193
249 113
58 52
300 41
185 118
77 31
57 247
96 89
61 32
208 233
4 227
293 147
306 209
273 231
24 285
240 206
181 137
96 222
42 13
73 102
261 236
14 180
237 103
260 35
226 120
196 34
20 273
260 274
152 263
155 160
220 297
110 125
22 23
15 256
69 98
60 157
26 175
218 153
189 304
228 29
126 6
142 90
6 259
222 293
18 222
203 240
207 32
25 18
56 250
97 15
231 244
177 112
85 112
201 189
235 73
138 108
60 163
92 38
169 85
251 241
46 165
43 246
11 22
297 84
189 181
86 13
140 304
14 295
50 132
55 296
248 289
276 290
1 9
21 149
133 45
115 271
232 92
29 35
149 236
274 112
170 217
220 154
38 165
162 258
276 224
111 292
177 199
48 96
92 192
135 245
165 8
53 32
6 90
98 37
272 151
95 197
122 241
131 58
32 214
284 1
30 55
246 237
190 67
241 90
65 140
97 263
126 132
48 228
63 145
130 79
7 41
120 2
301 99
95 175
121 1
43 36
199 210
115 193
128 254
107 284
250 262
275 281
210 150
226 220
186 79
38 27
131 229
278 269
226 121
240 151
234 131
35 260
143 29
98 128
96 157
249 266
262 142
18 131
141 48
300 246
150 96
273 34
46 79
164 59
30 233
155 40
71 48
139 85
150 135
200 96
196 264
85 111
213 35
63 20
65 137
164 275
240 86
104 235
88 219
301 131
149 5
202 299
203 298
305 96
103 251
245 199
81 204
239 204
229 86
38 224
115 54
207 125
101 272
192 36
172 291
275 288
249 69
62 3
187 97
100 22
4 169
270 276
187 98
122 238
52 79
100 306
29 101
43 268
272 277
296 204
157 283
254 46
302 291
72 126
225 186
40 29
216 215
70 298
140 204
239 13
83 202
285 118
58 199
46 77
239 241
203 21
292 286
149 181
220 236
160 3
90 246
232 8
179 7
243 199
48 74
244 246
50 199
3 27
152 170
232 10
276 305
238 38
99 62
150 225
287 77
18 230
277 40
44 289
185 61
153 3
264 198
267 27
185 304
60 303
294 10
7 186
202 26
44 133
300 270
70 103
19 278
301 69
173 269
60 114
178 153
127 59
248 247
238 184
283 306
267 216
192 85
127 138
41 193
301 243
153 35
121 172
215 107
218 109
138 305
214 120
71 144
265 115
221 91
180 197
2 124
56 35
157 213
168 75
248 174
255 36
184 302
160 241
233 182
53 218
62 274
226 133
174 207
37 276
274 157
230 35
30 2
98 261
174 261
267 193
85 239
258 127
14 166
95 295
266 170
9 78
193 232
11 76
195 26
98 115
183 201
269 107
240 104
198 63
306 102
134 89
62 205
107 227
95 16
226 7
118 259
274 306
214 125
150 277
286 84
239 22
37 291
284 201
250 19
103 171
249 126
29 123
46 191
225 179
199 49
171 114
192 200
136 89
148 249
190 124
56 147
120 194
115 7
148 219
133 137
220 146
138 122
46 28
22 224
55 100
171 170
293 155
135 206
251 160
57 131
80 178
1 197
168 67
146 166
145 235
235 245
298 91
76 196
244 297
57 160
289 64
91 111
284 149
201 216
121 125
286 105
148 188
235 265
4 44
269 120
135 7
223 105
233 282
233 292
235 298
94 12
51 189
9 233
249 194
238 188
48 56
41 132
213 70
180 5
148 197
73 117
288 2
186 146
79 211
61 256
121 288
157 214
306 52
282 255
211 70
118 75
3 119
39 260
36 144
250 42
65 230
193 24
234 176
124 14
153 186
76 225
113 191
129 55
204 23
97 256
235 57
101 68
197 57
278 210
228 277
59 151
78 164
298 221
94 217
71 177
84 97
14 272
260 209
172 102
293 24
94 267
286 46
207 14
226 88
17 300
91 24
135 84
58 82
47 228
148 284
168 100
137 103
267 225
55 245
144 50
128 36
188 270
230 204
16 133
238 108
124 6
190 278
146 86
120 23
220 30
172 66
77 96
138 3
219 140
249 92
201 250
138 272
264 258
11 2
291 117
306 45
288 239
101 44
70 87
280 108
104 171
6 148
56 84
41 202
172 276
141 260
140 282
2 303
215 66
219 209
299 306
262 244
66 186
1 280
185 44
55 139
277 246
147 266
30 125
103 7
77 285
294 270
4 80
269 252
62 85
48 50
271 133
189 300
89 127
241 100
65 184
7 10
233 65
294 39
247 213
58 1
292 148
90 238
260 155
254 120
33 158
107 97
147 258
31 237
189 53
295 248
237 117
155 295
161 188
97 159
275 42
162 248
216 72
167 253
195 268
202 22
235 48
178 107
138 144
246 166
201 173
199 252
116 195
223 3
158 279
76 177
76 149
187 82
83 221
122 81
116 47
272 7
156 92
56 299
294 33
18 15
262 223
273 52
200 93
130 52
187 141
223 198
161 189
262 288
302 83
244 78
66 86
37 46
197 273
196 69
235 3
231 208
166 131
116 143
87 208
152 94
181 57
63 5
165 226
52 206
54 6
19 17
6 237
65 151
221 216
177 212
172 98
193 148
55 3
194 24
138 104
183 187
23 242
186 248
42 210
161 292
108 306
240 210
250 120
176 81
177 181
1 302
240 106
182 133
131 244
267 153
69 180
3 36
44 107
56 52
57 80
149 4
297 87
148 37
86 300
74 26
69 3
27 147
1 14
139 77
102 128
233 127
51 31
95 115
211 89
124 294
260 26
295 125
94 67
142 170
203 245
222 251
22 177
173 209
39 162
50 7
206 263
135 258
268 111
301 204
217 174
66 162
89 247
293 66
289 278
66 22
200 223
103 283
217 236
119 305
260 125
230 56
184 131
209 132
172 25
51 225
104 245
276 220
221 38
109 86
250 270
159 29
205 44
123 186
112 177
16 162
106 212
252 98
39 185
183 45
283 173
60 149
51 178
52 242
168 33
288 257
110 168
2 255
231 133
46 129
239 169
148 68
90 77
188 277
289 51
306 182
251 128
178 182
128 208
301 196
135 203
247 149
243 218
113 261
136 148
189 27
29 253
177 3
56 39
23 30
12 193
87 288
283 292
27 23
286 99
276 10
117 51
53 128
154 157
59 202
77 54
79 178
79 267
76 107
251 3
111 263
255 241
84 11
232 81
57 239
23 302
219 84
186 95
259 299
33 156
3 90
261 154
177 27
252 74
249 202
93 138
168 247
210 122
205 283
249 160
217 105
103 75
235 55
100 57
203 257
172 244
125 61
19 63
295 297
267 67
154 90
290 151
31 91
301 209
145 30
278 185
148 132
66 47
105 304
234 291
275 240
166 206
88 77
69 207
172 248
182 125
220 133
75 118
112 22
181 6
268 38
111 250
177 132
122 77
215 102
24 233
118 17
199 284
216 238
135 144
10 210
196 136
278 76
263 205
38 199
128 88
258 279
87 28
289 16
52 49
188 212
121 80
297 295
287 91
19 280
153 183
289 153
49 56
70 232
117 73
293 235
222 97
236 63
82 231
99 65
68 131
159 89
32 261
223 18
148 41
65 92
184 121
178 125
158 173
252 142
242 69
150 170
89 100
131 296
169 111
241 22
89 188
257 105
162 279
20 49
130 29
230 257
110 54
102 14
118 89
60 142
198 114
91 81
214 283
121 9
47 219
302 108
119 230
243 112
99 270
1 206
282 100
191 286
62 159
269 132
208 187
214 68
297 140
183 34
164 52
46 177
148 90
284 117
273 275
106 173
225 173
70 172
241 230
72 42
248 57
48 185
49 218
279 88
301 221
144 289
46 34
10 180
79 136
32 119
243 93
273 11
56 300
12 146
109 19
129 99
73 12
51 120
205 256
272 285
32 21
267 102
211 21
275 234
137 107
98 155
275 224
256 251
92 282
271 256
6 10
305 292
190 157
216 267
121 192
270 212
295 70
35 20
71 284
123 271
145 31
38 31
41 111
38 10
259 305
258 201
206 237
103 219
300 67
229 288
192 17
215 109
110 155
240 156
39 70
220 115
71 125
162 51
241 265
100 140
59 73
301 222
264 56
177 31
29 3
146 265
152 160
52 216
288 272
221 159
199 156
138 47
41 279
2 112
115 196
190 10
20 109
23 279
124 108
149 152
29 19
301 134
222 104
47 199
236 304
46 145
130 291
257 217
283 193
88 120
165 285
82 146
16 124
171 259
178 49
39 87
299 183
135 219
244 180
104 258
260 193
67 142
109 6
279 20
95 3
66 126
114 177
221 235
256 63
214 133
270 239
212 124
144 10
162 233
108 160
147 44
293 143
55 208
18 81
263 15
107 134
33 103
147 149
103 146
148 271
179 303
76 30
185 219
266 59
100 42
302 169
226 114
174 256
195 98
189 288
112 227
14 187
87 254
77 109
12 81
112 25
12 75
63 134
147 80
199 39
236 65
1 147
65 226
283 121
163 289
124 49
255 178
281 216
71 250
245 302
128 287
133 153
170 158
54 21
202 101
247 44
188 107
53 182
277 15
57 115
33 136
253 256
174 88
158 223
78 216
93 278
74 113
39 266
73 59
39 42
192 241
222 27
79 130
269 28
113 104
164 103
204 261
148 170
5 232
111 57
269 163
159 103
79 173
143 56
139 195
287 68
106 263
156 173
179 146
248 305
56 256
287 113
272 254
35 218
227 166
245 166
230 46
288 94
297 112
150 219
200 66
166 82
113 26
189 105
299 211
215 252
31 193
136 244
291 157
154 197
174 99
236 90
253 73
137 43
297 178
104 148
8 301
141 192
185 271
77 17
152 181
7 5
76 144
234 2
60 67
254 86
61 228
147 58
113 146
211 110
88 46
126 163
41 31
106 135
265 290
104 269
119 282
158 33
172 209
102 70
229 38
228 245
242 213
141 174
257 2
169 52
135 181
105 83
76 175
29 126
271 221
299 187
289 222
178 195
237 127
22 189
302 174
272 281
129 159
63 105
155 261
233 79
211 265
72 35
163 70
168 155
146 103
48 216
69 127
302 23
208 266
124 32
98 216
170 222
39 50
191 146
48 114
300 126
219 301
20 300
80 52
45 187
158 50
34 76
173 134
159 268
35 91
56 111
277 270
78 178
239 301
72 258
37 188
126 209
31 66
282 110
163 127
12 216
21 86
288 10
2 290
229 264
149 267
5 302
194 234
114 266
18 191
299 57
193 202
297 45
154 60
37 235
252 145
82 119
288 58
55 96
169 42
90 57
262 14
161 194
174 166
106 56
180 21
110 14
45 163
8 87
139 306
89 255
221 36
143 265
69 189
30 77
165 54
5 58
151 179
172 170
53 201
178 32
221 126
135 242
302 59
297 106
25 150
232 152
101 241
281 143
201 60
14 222
250 11
305 294
108 171
304 302
144 140
266 156
49 297
59 194
185 100
260 189
247 106
194 160
236 160
211 108
89 145
270 255
260 111
158 71
202 287
112 294
123 208
229 301
213 279
212 167
32 245
179 243
217 123
181 39
143 288
296 268
279 173
168 258
274 22
251 39
73 223
181 178
44 302
230 221
18 132
283 5
226 108
186 158
55 197
57 136
120 268
94 80
176 178
66 35
80 279
139 2
220 239
198 139
201 166
132 55
175 306
55 178
164 175
181 174
194 127
131 204
73 214
9 148
50 22
54 76
18 112
13 80
161 40
60 39
187 191
292 88
99 53
254 115
204 106
252 117
229 89
137 130
188 293
2 8
228 126
19 191
40 63
39 15
118 110
120 85
250 70
48 112
282 140
75 267
210 4
270 181
300 135
119 41
194 100
201 192
32 193
20 146
134 209
20 115
189 226
109 138
27 119
27 99
141 110
38 37
152 179
89 173
261 207
128 35
237 150
91 301
134 269
137 176
209 65
275 146
237 60
51 8
168 214
130 28
33 152
238 163
71 121
254 200
38 191
282 82
74 230
291 229
84 143
16 8
119 227
77 49
155 110
271 183
32 120
22 233
300 230
147 255
292 39
45 139
272 10
44 181
39 21
197 293
209 25
94 7
301 40
242 305
130 27
93 109
68 19
164 231
40 208
177 7
60 182
265 64
268 2
84 155
178 229
258 2
168 21
5 151
251 121
58 153
230 260
180 50
269 86
193 172
134 176
94 162
89 178
153 273
28 288
25 7
161 306
110 59
44 109
237 18
87 161
58 236
266 148
233 35
244 227
292 85
177 145
254 65
193 228
253 142
169 17
185 138
292 156
176 169
15 183
203 41
274 50
246 294
57 86
212 3
211 272
45 299
226 28
201 157
148 83
294 146
145 104
102 290
213 71
6 116
32 81
16 43
216 128
243 125
189 212
69 251
40 64
118 76
130 265
213 174
37 116
45 177
205 304
101 283
260 184
303 7
95 289
128 221
21 177
89 208
70 261
82 23
280 264
160 207
31 21
244 299
231 271
181 144
288 39
306 68
24 15
291 67
119 210
14 191
192 147
228 184
44 57
76 78
76 179
207 18
20 227
147 65
306 16
29 141
107 29
190 4
278 215
15 227
279 174
305 297
248 298
188 194
56 226
136 296
53 50
133 143
50 94
19 40
250 171
215 180
69 219
140 129
58 264
282 75
297 30
138 73
118 8
54 161
13 190
33 248
74 228
199 51
69 66
150 222
212 243
255 123
81 135
70 32
83 134
223 220
301 208
86 34
236 184
93 230
160 36
257 65
288 44
153 61
260 75
239 49
82 78
185 167
104 265
256 232
206 184
22 245
232 276
41 45
114 112
294 269
236 119
205 262
270 293
13 267
194 148
293 152
228 59
210 244
284 67
171 187
125 274
30 303
267 156
249 301
15 158
151 68
268 84
178 247
109 274
110 5
127 8
158 132
275 186
209 221
264 135
105 228
20 180
78 169
277 298
242 173
167 35
288 118
90 61
27 7
103 4
178 29
90 18
42 284
135 237
29 47
297 214
17 39
209 196
245 271
196 85
160 79
47 130
93 90
183 211
10 131
114 149
82 100
269 280
288 151
39 95
42 26
115 199
267 70
254 34
222 306
116 276
17 158
217 172
238 158
204 17
82 66
7 34
278 151
18 304
101 250
306 129
85 236
141 172
204 194
10 35
137 91
227 244
205 83
163 200
71 206
130 282
296 70
52 55
281 26
77 260
115 41
162 219
228 298
146 164
267 50
161 148
155 139
162 129
166 150
43 129
125 250
94 28
241 163
84 272
95 57
257 207
246 244
27 273
133 104
7 299
76 185
34 158
7 274
198 19
130 181
257 8
50 253
26 75
87 125
296 249
132 126
61 11
124 191
116 279
209 191
288 150
62 57
105 200
199 9
235 80
189 156
80 295
132 38
12 280
236 46
27 142
50 79
190 215
136 299
8 94
124 174
227 44
97 109
146 136
39 294
111 147
204 28
236 254
166 234
125 151
220 302
50 245
56 37
162 85
182 53
270 122
306 302
56 83
30 165
129 302
267 152
117 179
19 164
70 205
235 147
15 46
111 171
210 247
165 223
11 194
28 233
150 100
206 52
288 180
136 210
197 222
249 35
210 268
252 4
72 253
288 222
102 192
214 196
270 9
194 176
176 73
184 219
7 277
41 282
64 300
94 257
132 127
169 201
115 100
297 37
127 175
136 68
229 169
97 50
63 80
85 192
202 236
24 169
12 56
131 236
282 111
197 292
149 271
89 15
288 86
283 11
152 83
77 220
158 274
255 31
191 304
232 251
102 255
119 168
293 130
60 49
229 76
80 28
187 48
165 13
142 244
51 220
48 42
275 31
182 17
83 231
140 119
221 259
168 242
16 130
225 305
16 164
257 216
198 295
169 6
111 209
238 43
81 144
170 302
274 226
239 208
164 42
213 123
172 97
243 67
128 243
91 94
115 294
192 57
97 115
6 108
9 293
10 152
235 280
238 281
57 282
98 213
214 134
64 303
28 151
71 193
32 25
211 131
114 228
22 250
180 136
10 208
163 134
262 22
211 8
200 3
142 164
204 190
7 56
23 226
294 34
149 137
241 276
239 132
262 1
262 306
188 29
138 35
305 298
225 42
214 3
108 12
146 277
283 147
218 129
54 64
254 81
20 69
285 202
119 241
196 97
57 60
24 187
83 249
218 288
130 9
35 15
193 19
138 31
95 4
91 244
99 58
192 300
160 59
151 99
290 250
73 43
292 202
196 225
278 14
146 158
219 166
48 95
162 4
176 227
172 190
37 287
228 266
239 23
33 283
8 210
154 145
162 294
198 5
259 153
81 28
89 92
265 259
62 142
196 178
97 201
215 241
112 162
154 196
100 109
39 290
248 225
197 88
64 157
12 64
292 255
33 72
48 65
297 218
72 282
246 255
306 88
118 211
68 266
197 98
121 259
297 169
17 208
92 116
10 114
69 135
300 98
245 14
20 183
275 285
183 161
259 168
218 121
183 64
286 85
64 191
207 205
193 245
171 267
101 259
217 165
104 12
295 152
69 144
301 59
276 196
102 145
250 236
258 195
55 276
155 164
13 200
209 206
63 141
295 267
190 160
163 124
274 255
224 140
282 210
305 2
1 159
98 62
52 213
74 24
280 235
152 217
112 114
230 19
72 212
224 61
212 129
70 38
249 65
145 259
109 143
148 140
70 56
225 249
138 80
188 281
188 114
181 158
271 215
76 187
158 97
148 288
63 42
189 273
278 187
44 232
304 182
126 121
16 163
200 92
58 241
252 83
95 219
230 79
211 133
232 291
165 247
244 216
129 284
93 262
294 54
212 112
82 281
133 203
270 137
253 226
90 79
158 95
122 265
69 195
85 277
213 68
38 68
224 225
71 27
161 94
95 64
62 184
15 182
159 242
194 34
1 135
219 46
192 34
141 206
100 160
159 223
285 94
132 192
287 232
291 44
8 145
161 147
212 287
193 53
143 228
281 17
18 37
37 303
77 248
235 42
239 268
169 204
146 171
298 227
71 55
31 246
188 150
13 274
221 110
280 227
205 157
34 17
86 183
134 192
158 35
293 238
268 103
54 174
78 149
14 75
239 53
258 33
35 174
68 59
93 6
231 90
125 210
160 65
165 19
234 103
240 212
185 274
117 232
78 272
219 94
40 258
162 79
267 14
73 234
220 153
101 7
91 289
272 292
3 88
106 60
33 19
36 186
165 67
132 34
141 108
93 67
42 276
168 94
127 265
8 153
72 206
126 158
136 53
303 75
120 113
64 224
54 198
119 11
279 157
39 287
160 193
246 301
18 269
299 80
187 99
302 271
296 56
244 306
47 267
300 12
157 242
238 202
160 110
33 177
168 306
191 23
233 305
146 120
81 156
40 18
192 259
84 85
108 56
195 181
7 230
86 299
57 6
158 227
125 105
156 24
258 179
240 292
99 19
13 277
305 278
213 172
34 267
233 69
102 304
214 306
206 141
236 173
299 98
39 165
202 58
139 175
210 273
294 282
3 207
120 38
237 12
69 140
125 165
175 219
61 54
110 180
142 84
117 287
132 256
52 145
205 237
105 136
176 285
206 272
68 245
237 142
234 55
248 194
273 32
115 33
272 229
249 156
58 210
211 72
200 45
121 64
162 179
294 196
164 208
226 89
49 201
30 41
166 67
295 229
138 91
213 130
96 142
195 84
102 87
275 202
145 16
259 183
269 199
186 169
19 268
227 80
178 160
122 42
218 197
255 164
9 40
130 109
276 52
288 121
205 40
56 38
244 86
264 79
95 127
145 161
192 179
281 76
9 234
25 173
300 37
40 177
93 148
22 164
290 139
153 89
146 27
235 187
175 104
244 144
109 125
219 93
9 303
53 277
23 148
238 228
87 271
255 18
166 71
288 47
179 138
8 80
77 76
197 249
188 116
253 171
16 257
137 205
42 117
74 260
218 76
216 44
59 220
98 212
130 251
143 114
102 227
6 236
153 130
222 102
54 265
18 250
10 108
295 89
298 100
39 154
205 159
140 208
184 57
157 87
253 108
34 111
70 14
215 39
296 26
110 12
13 169
177 28
223 301
121 290
279 209
292 24
218 178
111 107
296 281
5 119
7 233
189 231
186 283
157 109
34 220
25 278
257 102
4 291
17 229
201 276
248 16
210 285
287 92
43 89
94 290
303 146
36 279
212 159
125 238
198 236
47 28
157 215
70 116
294 139
213 277
170 1
210 106
268 65
144 262
71 283
229 146
175 207
1 106
76 35
246 42
56 156
250 260
49 161
193 190
302 175
75 143
6 76
43 179
289 172
72 119
118 163
10 214
139 32
144 82
234 159
301 306
150 190
223 116
74 296
184 119
133 69
224 46
64 296
173 299
91 224
33 178
243 82
195 94
200 261
162 147
22 137
201 261
35 108
243 239
80 83
294 264
153 78
28 128
7 206
4 199
27 120
257 123
67 241
89 106
97 267
238 253
31 265
129 19
90 258
43 141
212 228
109 67
213 85
273 165
220 44
29 192
68 86
96 136
253 131
82 3
282 232
37 185
1 145
204 243
194 44
222 215
105 60
66 157
46 300
193 176
206 42
155 81
99 60
23 51
293 141
286 54
169 149
251 250
208 220
198 182
212 175
169 224
269 67
111 109
297 125
143 193
155 53
191 242
235 182
175 66
151 290
70 108
303 54
28 201
168 274
279 256
282 71
100 61
182 173
187 168
149 11
12 223
123 129
168 42
300 99
189 262
40 122
268 79
229 292
47 39
243 177
211 54
93 265
261 12
4 83
47 126
41 191
78 100
264 96
17 32
300 114
298 78
292 28
234 242
222 167
55 209
59 11
224 152
284 245
15 106
60 213
112 190
255 43
302 189
292 273
133 65
154 202
67 260
241 162
297 58
274 254
68 2
172 73
170 113
261 219
263 134
277 178
106 209
231 296
52 233
211 79
86 155
30 280
146 139
240 4
167 1
71 116
199 187
114 196
285 13
153 177
31 183
279 18
16 77
268 83
133 158
84 52
14 131
46 160
254 283
214 75
197 93
92 97
41 100
220 33
187 114
127 188
188 295
175 54
251 221
194 98
16 272
61 278
214 83
51 85
104 250
106 166
7 223
246 133
188 223
97 73
31 194
146 279
98 96
167 291
268 304
79 238
273 36
154 138
209 157
180 260
246 238
95 207
177 214
109 42
5 13
301 24
126 292
208 48
140 37
126 4
167 193
104 56
163 75
259 285
255 117
229 123
36 301
216 218
196 173
159 227
295 204
125 226
4 28
17 304
272 217
111 135
235 287
141 18
14 152
42 216
203 229
219 65
288 209
40 175
95 192
287 250
260 165
247 20
177 100
305 140
214 279
61 116
248 77
64 72
254 280
59 122
14 246
43 195
296 122
244 147
253 141
96 223
282 64
53 13
271 195
41 58
185 43
98 46
9 87
197 268
5 170
64 248
209 192
257 161
134 222
158 30
263 248
67 270
284 210
142 82
130 45
154 228
300 216
305 77
138 95
185 52
222 249
201 280
152 147
285 103
78 265
153 36
36 116
90 201
29 254
141 237
35 120
179 124
48 32
239 175
213 300
50 296
239 94
38 83
294 47
87 272
87 135
64 92
196 4
67 140
271 164
155 83
212 271
4 216
144 276
204 268
204 66
237 109
124 51
148 111
52 68
25 251
118 272
107 258
234 219
242 53
114 90
226 111
83 138
223 128
17 167
214 207
54 152
174 264
128 209
267 119
12 68
62 254
46 32
265 103
177 197
274 215
114 107
239 41
158 14
75 200
166 87
62 291
51 256
157 197
207 73
123 116
150 26
215 5
110 228
202 45
57 17
153 287
86 269
204 196
143 177
139 156
101 95
180 165
223 89
295 108
301 220
266 38
277 220
219 122
135 37
306 125
120 1
47 262
146 143
96 65
287 166
168 208
21 132
31 145
90 214
40 285
198 28
234 199
213 152
19 2
140 196
1 40
117 183
126 302
227 93
19 41
225 65
123 223
96 56
26 117
237 203
137 75
227 283
9 109
34 266
253 10
83 185
188 115
293 133
40 75
215 103
129 76
267 60
68 96
179 3
300 186
146 37
14 21
194 96
232 242
2 123
56 24
116 3
184 285
162 45
60 84
235 267
99 83
24 225
250 203
259 274
198 9
184 248
24 234
13 226
154 226
51 6
194 290
271 15
232 206
154 284
69 90
187 110
90 34
183 169
247 194
90 59
255 291
263 177
304 240
113 294
135 77
8 118
219 100
110 191
63 169
182 86
153 289
62 66
170 49
281 111
250 239
96 18
110 57
45 54
298 107
209 103
78 1
30 218
198 253
282 290
147 2
270 106
19 54
192 175
141 28
271 143
158 303
180 159
67 107
242 75
209 19
234 238
72 267
73 85
69 129
304 3
137 173
167 254
73 33
251 161
218 40
253 219
297 181
107 112
46 4
82 181
126 251
9 194
123 158
52 99
239 243
45 43
288 198
144 155
147 88
3 39
220 122
296 228
270 62
153 164
268 294
109 15
85 158
116 306
13 68
250 91
189 127
35 201
230 258
272 38
305 177
126 236
144 154
84 136
273 279
78 33
141 2
72 143
294 207
286 94
232 119
130 113
223 142
224 117
57 222
153 225
170 258
77 141
231 75
248 188
268 104
124 96
29 240
230 271
21 48
26 53
13 158
85 35
262 134
267 23
25 303
183 170
57 53
269 246
155 76
245 40
202 118
184 114
98 189
95 125
272 194
171 39
133 174
74 158
167 163
272 265
112 202
147 252
193 296
200 41
6 167
192 67
23 235
178 192
227 229
304 92
24 207
122 74
193 246
58 120
292 123
117 286
198 288
143 16
31 19
231 17
230 153
172 124
23 129
34 138
214 180
122 281
201 116
15 64
211 90
94 41
178 214
24 257
70 258
248 278
306 210
136 279
120 239
215 116
180 99
126 41
166 272
41 254
98 85
273 2
178 64
109 230
264 12
146 162
214 303
141 49
211 77
177 255
34 121
241 188
155 105
306 268
306 100
210 125
236 241
168 294
229 220
30 162
149 157
233 19
248 299
143 194
233 210
17 278
174 182
291 22
147 283
178 306
252 234
57 230
234 95
251 294
6 166
222 134
117 29
31 112
9 16
261 73
215 288
153 110
108 126
117 156
78 102
49 222
218 18
156 116
158 59
152 267
151 57
285 136
45 238
108 263
267 215
186 190
269 178
263 99
72 116
147 67
297 197
234 278
180 106
29 55
248 271
128 240
254 227
208 176
79 202
212 158
190 34
82 247
178 140
167 170
151 284
47 81
16 35
46 253
266 263
56 82
292 214
291 295
117 185
213 40
65 232
303 117
194 114
197 84
265 119
132 265
302 249
41 244
210 212
295 236
186 120
262 298
119 6
149 209
184 283
202 177
151 127
176 261
230 134
81 15
111 283
136 238
283 293
271 187
225 109
162 60
104 123
84 237
36 190
158 150
17 213
296 280
58 19
184 157
190 183
98 276
80 36
171 158
161 107
299 95
138 246
19 3
44 39
131 210
25 298
93 147
25 62
130 101
304 220
182 34
289 12
18 6
147 111
23 24
2 5
251 258
204 77
144 189
225 250
275 127
34 151
138 217
221 93
165 14
35 111
172 275
282 192
125 285
17 77
244 192
186 296
113 151
136 178
159 39
6 141
267 44
304 238
75 278
189 24
246 189
147 218
268 278
70 183
166 149
201 4
205 246
53 221
22 56
204 6
237 123
42 163
134 240
98 163
245 303
74 247
291 154
80 57
105 273
53 211
93 279
288 4
22 257
205 59
181 258
37 196
85 152
6 288
154 24
19 233
248 228
59 265
170 182
28 216
293 301
255 198
34 62
183 272
267 96
167 36
114 83
46 197
181 260
44 255
221 29
201 41
153 22
74 209
216 219
287 149
15 268
235 85
161 160
287 284
171 96
293 76
15 39
246 105
10 279
91 114
116 292
155 134
268 246
80 130
138 300
91 100
118 1
210 102
160 272
169 257
104 238
95 202
130 116
260 108
84 16
29 231
263 35
305 119
187 157
46 149
166 4
259 237
157 264
142 201
300 30
118 166
247 136
252 250
115 77
47 67
62 141
209 295
233 220
3 84
300 293
71 72
261 62
31 83
99 64
177 122
163 157
176 262
172 207
50 273
96 52
111 18
40 158
271 269
18 149
201 232
105 237
121 77
26 25
209 8
74 287
87 1
17 305
18 74
29 178
122 176
88 164
305 29
3 244
217 28
240 267
262 19
277 202
181 280
136 26
224 125
173 222
102 104
220 107
192 158
259 138
171 80
145 23
183 173
299 170
276 284
251 57
153 172
201 16
246 225
267 128
292 64
231 16
201 279
34 127
47 225
121 155
183 287
63 71
130 285
169 219
296 224
104 304
29 256
164 290
135 275
75 15
18 165
35 230
202 293
192 26
133 84
197 181
174 226
222 288
259 248
266 85
80 166
193 194
174 78
67 8
270 168
156 98
147 199
198 306
51 110
22 152
227 245
266 196
147 3
235 274
181 19
214 242
228 72
88 22
122 262
162 116
91 33
50 183
17 175
156 108
5 171
156 204
83 253
305 255
24 59
33 265
120 184
57 51
177 108
284 212
175 236
27 252
2 173
269 71
48 17
46 107
254 106
53 223
95 271
200 276
171 93
227 208
279 213
48 236
169 124
213 153
151 272
279 238
96 28
149 205
124 156
209 180
40 257
164 34
286 44
225 150
140 79
182 79
240 103
46 126
198 255
138 84
1 98
224 149
257 212
39 155
236 112
92 193
224 22
269 236
256 15
269 125
131 186
115 118
1 151
294 251
238 39
244 140
250 206
210 269
124 241
266 123
291 110
198 223
49 99
222 212
118 265
295 222
243 241
203 228
218 285
257 302
234 114
166 297
95 215
258 48
230 270
63 215
245 54
175 277
172 40
221 182
49 296
10 275
296 257
18 260
143 88
177 92
163 54
238 35
148 113
103 97
270 292
199 108
21 282
114 14
293 288
64 283
34 8
41 121
31 32
270 205
160 123
60 122
135 279
187 186
137 46
171 36
140 190
272 259
43 185
194 1
185 53
145 115
162 92
168 228
220 31
222 76
60 200
52 135
74 200
44 149
152 244
241 78
142 116
243 73
228 207
210 7
230 181
104 244
99 301
165 188
14 304
155 26
95 291
138 111
213 151
146 271
64 99
253 121
218 273
51 163
104 127
129 294
53 98
140 183
71 32
95 204
152 80
148 43
103 196
124 77
118 95
282 8
85 208
231 30
28 274
71 228
216 271
250 281
16 112
72 180
29 4
7 198
2 159
64 228
160 162
25 97
151 149
79 160
179 149
62 236
145 140
51 5
8 237
46 21
169 136
52 23
290 110
213 43
12 87
65 58
290 69
306 110
155 162
7 2
197 77
227 75
297 123
134 50
172 280
203 102
245 253
148 98
295 183
161 25
189 191
230 39
86 291
288 265
165 242
46 176
133 275
164 58
272 216
209 181
257 22
129 295
97 245
267 112
112 168
242 189
193 29
233 128
130 195
91 211
256 21
1 284
61 269
10 173
7 135
138 25
91 234
240 26
7 185
122 227
116 182
170 294
161 44
90 293
264 54
135 292
291 276
201 165
224 127
148 44
167 123
141 279
141 228
218 37
119 117
167 216
67 127
249 197
101 257
93 263
252 48
58 223
262 214
92 262
289 56
46 297
207 303
247 76
77 20
188 173
92 5
31 55
88 87
10 90
81 132
202 239
176 93
18 152
132 9
259 140
66 110
215 132
157 281
132 254
189 249
89 297
159 57
54 88
35 184
2 117
103 244
231 242
173 297
236 170
108 243
156 90
117 186
179 280
153 21
281 284
229 83
12 106
43 105
164 217
247 75
194 306
79 282
183 62
54 243
48 286
261 282
221 187
291 135
245 129
77 19
28 84
10 56
260 224
267 78
298 44
199 29
258 3
234 61
90 251
279 257
106 91
131 26
136 36
210 230
251 141
88 14
176 92
79 271
159 252
264 184
13 170
44 95
275 70
287 263
206 186
222 82
81 85
176 20
178 97
22 158
125 183
263 272
3 283
259 116
136 57
28 160
15 240
150 172
5 131
227 202
269 151
292 62
54 249
281 207
173 171
240 73
61 141
62 144
38 43
100 164
248 276
137 64
54 264
15 105
110 291
65 145
293 175
60 104
100 198
122 66
124 232
245 274
40 240
259 263
228 4
67 17
131 11
44 136
104 205
141 296
2 178
300 156
134 243
188 289
223 42
301 51
110 61
65 39
300 192
27 20
280 12
54 177
140 44
47 51
137 134
230 61
159 63
24 290
172 261
9 192
12 190
238 193
276 198
146 282
272 163
112 134
293 26
246 139
295 115
263 107
231 240
113 56
159 173
10 154
241 26
250 227
88 68
126 237
253 152
17 202
39 29
222 111
185 171
84 142
270 23
241 249
155 245
247 125
117 132
20 285
227 237
254 126
60 134
251 291
159 306
130 85
157 80
235 278
145 96
268 215
118 201
46 293
14 93
58 190
144 38
153 171
306 262
14 281
299 185
145 18
80 253
243 68
36 44
138 270
85 58
51 22
36 216
33 198
106 254
122 230
165 176
263 118
234 40
113 278
41 275
87 114
28 143
143 172
304 210
12 63
51 198
142 1
302 54
234 69
10 205
151 169
159 213
71 274
136 37
54 256
53 270
154 30
188 296
186 274
131 285
93 180
301 86
205 156
264 267
103 127
110 210
12 16
284 297
60 204
271 144
45 306
155 166
3 101
302 222
197 37
31 34
219 304
116 123
41 117
139 236
78 146
128 115
77 153
259 117
81 240
209 298
34 70
7 71
140 167
46 229
172 290
143 35
262 232
207 51
176 183
292 215
29 88
4 268
96 132
171 186
197 55
34 221
214 101
261 216
86 246
170 211
109 263
108 150
45 171
153 272
89 23
92 243
236 175
155 74
288 112
89 294
265 232
242 164
250 295
63 298
62 267
193 234
97 132
6 204
29 46
227 293
278 71
83 299
242 6
257 190
32 79
301 178
71 238
71 265
211 279
88 25
29 220
163 25
192 46
97 107
152 259
45 215
279 236
13 184
250 265
42 112
179 28
298 103
70 185
61 128
86 143
183 282
54 87
253 79
121 112
201 12
159 33
189 241
70 303
147 114
167 288
235 125
181 201
13 246
59 290
24 86
290 71
233 12
63 267
166 52
287 201
118 266
235 124
152 124
204 278
149 300
208 218
160 256
120 267
191 7
153 12
70 111
113 54
72 166
213 240
13 208
131 37
203 280
187 132
265 186
102 44
61 151
228 170
192 167
18 42
188 32
152 245
190 25
293 136
86 59
9 68
215 74
160 14
22 271
164 232
24 53
88 230
11 145
262 263
84 56
209 92
279 187
19 241
217 23
53 15
32 68
7 283
42 7
113 305
151 85
121 134
7 218
300 38
209 39
53 292
199 238
114 75
41 257
249 230
45 90
212 21
10 96
97 208
148 179
10 64
104 51
52 170
96 105
133 51
123 190
95 274
146 234
296 176
1 171
293 16
88 199
103 169
141 119
213 56
295 300
272 62
197 152
201 149
219 83
95 44
108 256
27 150
113 37
271 253
250 221
143 20
295 117
34 130
55 80
245 48
88 28
256 64
6 71
202 209
217 218
297 304
284 118
43 132
222 56
124 175
15 276
40 1
252 24
99 281
266 254
89 204
112 283
281 163
267 6
305 192
242 19
27 206
131 201
93 203
63 146
48 127
200 19
299 137
298 88
305 263
27 30
114 142
189 68
65 59
65 9
79 116
187 122
89 65
240 216
119 74
278 148
160 297
41 89
34 166
21 137
298 106
66 271
199 5
261 292
63 90
249 295
205 11
264 187
48 217
297 243
188 80
232 292
43 306
288 101
301 256
291 155
180 137
160 43
51 188
248 173
14 126
154 260
39 115
156 76
119 137
87 115
191 12
139 193
164 51
223 108
74 14
248 184
117 277
205 233
212 181
179 54
70 90
170 243
273 123
10 129
14 218
70 54
3 158
7 143
270 109
100 235
55 158
128 300
279 220
264 188
225 290
66 28
33 26
75 99
163 103
179 211
29 83
273 220
70 296
292 136
13 206
88 176
220 185
258 255
61 25
140 288
152 215
32 158
276 146
116 68
128 251
241 21
173 135
81 49
7 136
23 46
228 295
213 248
48 170
43 49
255 138
272 222
132 267
56 189
260 266
282 27
124 78
296 39
263 267
110 48
131 51
149 179
45 146
279 151
156 56
101 269
142 80
92 227
201 230
66 154
262 278
35 306
185 211
204 82
87 287
251 159
295 158
205 74
171 155
191 62
98 52
254 136
105 75
61 168
37 135
51 238
143 32
91 186
234 212
84 194
150 34
256 23
191 265
156 197
74 15
141 114
149 16
179 242
259 297
18 67
43 236
75 213
236 181
128 71
88 165
80 72
79 97
264 1
170 116
87 166
127 216
301 123
189 39
266 221
250 93
304 254
84 303
149 254
48 230
253 14
245 36
203 104
142 154
202 291
98 167
272 135
236 250
244 16
102 144
120 78
107 152
174 87
52 57
239 69
39 184
97 246
84 203
242 17
145 286
244 124
176 58
191 11
125 21
296 200
240 191
31 38
255 64
278 174
128 114
154 250
280 98
69 260
261 60
27 64
248 267
202 282
111 17
234 233
30 46
274 218
117 136
102 266
243 29
306 187
59 224
140 61
194 8
120 27
21 142
225 235
216 170
192 250
20 199
206 77
267 134
288 120
296 292
170 196
6 34
145 177
142 302
274 184
137 188
255 148
128 146
120 272
214 14
200 203
44 82
176 6
175 133
174 187
98 274
201 83
102 202
227 288
258 60
260 223
256 52
135 11
93 57
220 305
66 268
264 228
119 77
227 103
292 68
184 196
197 95
130 207
221 230
292 258
98 34
222 213
265 246
233 134
189 107
115 242
13 269
73 34
104 282
139 304
37 77
119 302
169 181
250 274
116 159
264 281
189 245
111 256
272 296
148 181
20 107
142 159
54 294
135 150
116 217
43 92
243 168
88 249
296 237
280 270
285 278
58 163
300 253
84 96
303 288
174 215
163 95
95 249
296 151
292 75
69 265
164 48
201 199
172 235
30 92
154 165
233 232
151 144
287 187
254 18
214 112
48 137
240 61
5 118
242 66
232 151
228 204
23 36
138 306
285 189
148 222
90 155
247 157
5 230
212 267
73 61
53 212
69 217
63 142
17 137
163 115
227 247
170 159
66 142
149 174
157 26
124 246
273 214
141 151
154 176
51 251
61 231
128 16
221 138
220 80
244 226
267 208
156 164
158 13
68 67
225 277
300 247
62 123
215 306
209 305
100 206
171 241
200 215
126 193
59 127
215 296
281 213
55 129
27 191
100 262
132 199
123 176
160 116
4 149
265 45
32 220
141 124
105 291
244 142
78 13
208 273
263 287
83 169
287 217
137 61
267 212
47 116
127 71
304 105
149 230
93 47
57 181
154 191
4 60
170 263
187 232
288 251
27 154
57 273
73 80
43 81
199 184
253 240
40 300
146 293
266 275
295 64
4 25
17 117
133 252
118 133
212 94
288 297
36 247
214 13
165 234
241 275
60 63
123 265
129 71
280 103
204 13
169 189
125 180
29 27
281 145
20 233
229 1
306 95
68 223
51 233
171 110
123 197
240 40
191 37
166 75
49 188
187 257
207 261
282 257
143 118
29 28
85 203
13 69
97 80
54 121
164 250
23 216
82 47
109 246
286 91
201 42
146 295
162 203
150 51
230 183
202 292
89 6
101 118
34 51
277 16
120 110
131 179
127 105
109 302
123 286
248 191
95 161
254 57
97 28
33 53
134 154
101 24
208 290
41 264
173 102
113 142
123 74
130 139
274 106
217 254
148 151
225 165
224 130
24 245
44 76
258 175
39 216
214 53
306 18
24 63
63 100
269 300
269 29
232 175
175 211
246 289
84 43
193 21
145 103
124 306
124 237
31 87
109 245
220 53
70 208
246 210
141 120
156 32
302 48
136 198
197 104
89 146
53 69
288 42
199 240
14 57
20 64
277 230
146 286
280 172
4 278
237 304
298 13
281 251
295 249
34 211
76 79
273 76
95 23
277 82
70 267
189 106
220 286
289 244
90 65
69 49
149 194
73 291
37 34
102 229
191 230
120 57
107 179
275 201
259 280
258 14
27 159
64 223
228 101
161 281
45 41
133 268
200 237
266 203
210 145
234 185
174 153
33 161
124 260
253 271
35 231
133 81
5 104
132 258
18 139
40 111
239 62
241 20
189 277
27 73
283 177
42 219
101 105
253 136
124 239
81 89
143 306
222 132
100 246
210 29
256 119
163 130
97 119
296 192
162 235
158 215
4 188
219 238
13 240
83 9
116 103
248 68
65 125
9 43
99 4
225 123
247 288
73 265
238 251
78 160
6 238
176 269
291 14
8 231
179 253
10 293
51 36
91 5
188 179
72 36
97 61
135 278
302 131
253 65
225 49
16 70
255 32
175 156
92 213
281 152
215 166
242 246
195 42
199 86
292 17
261 202
22 111
270 7
239 90
284 34
230 215
186 288
44 180
215 52
45 158
69 231
160 19
218 156
164 87
275 286
4 167
213 82
162 276
166 264
147 131
131 33
204 176
263 296
223 11
46 178
102 292
167 214
67 68
242 95
282 260
58 158
117 188
241 190
137 127
177 32
162 18
194 91
300 105
296 254
209 40
96 259
304 66
46 228
226 197
154 74
76 134
29 122
176 46
223 251
197 269
263 69
197 85
277 105
259 251
164 238
271 302
24 1
22 226
268 197
279 9
121 97
67 236
231 46
152 150
159 184
83 218
29 148
285 49
200 58
115 102
248 243
119 121
194 110
196 8
296 170
50 213
284 35
147 32
162 38
10 38
163 99
275 221
59 143
117 285
4 62
277 260
240 92
72 85
26 79
254 202
69 103
33 49
154 288
215 298
15 145
262 166
222 209
217 103
274 72
167 189
243 90
202 221
8 187
125 187
244 69
238 245
129 224
34 93
264 35
34 134
165 6
114 92
199 242
139 79
64 160
39 247
283 105
106 34
77 66
123 203
37 35
58 258
278 17
234 287
147 223
35 237
46 66
220 52
37 124
159 110
62 8
23 251
254 84
11 275
85 265
6 184
13 139
56 236
135 157
130 117
208 139
152 177
238 32
101 183
177 226
164 116
3 238
94 213
90 87
38 291
50 112
248 280
121 54
117 1
50 46
281 71
9 257
217 263
118 196
128 239
250 263
91 118
80 189
292 196
60 78
127 288
246 156
82 152
219 198
217 57
94 49
265 152
199 100
225 257
166 209
155 268
37 4
235 22
277 168
249 147
208 225
21 17
8 9
256 189
180 183
51 269
242 52
43 148
237 106
17 298
49 213
30 214
7 93
292 89
257 91
236 286
221 78
271 95
137 296
18 31
222 245
171 195
256 280
123 194
100 226
182 282
132 293
5 181
218 240
73 201
48 168
6 121
291 221
177 265
42 120
289 300
102 197
100 67
182 230
111 269
234 248
230 1
265 189
300 206
33 60
300 279
90 111
135 218
154 64
214 108
63 123
58 109
27 141
114 137
29 78
277 81
150 301
228 161
165 183
232 67
31 221
108 85
161 46
112 242
104 1
278 220
210 144
60 302
233 289
23 69
29 56
70 215
155 197
49 11
160 255
205 103
292 34
175 299
136 121
151 276
214 300
177 262
53 7
19 185
246 92
253 172
297 190
184 7
74 87
272 53
302 303
171 239
253 284
136 41
131 221
97 103
272 225
87 70
42 261
276 186
161 133
62 242
230 253
4 235
198 205
259 230
140 263
78 38
66 279
193 282
37 294
136 269
303 50
60 287
189 161
270 296
293 221
132 207
93 103
202 267
243 210
33 119
238 206
199 93
289 287
295 294
71 219
54 55
34 275
119 136
115 205
29 265
237 65
216 84
217 168
42 45
259 86
112 296
99 113
228 65
164 89
167 56
170 156
284 13
200 36
139 147
134 67
12 17
193 76
256 121
93 19
58 28
283 9
232 4
176 111
279 291
95 293
198 32
95 39
297 165
124 148
253 174
145 55
163 208
193 64
54 239
129 226
41 151
8 113
190 251
163 222
222 284
84 269
51 202
296 37
203 288
135 32
65 253
229 96
123 72
262 15
39 127
244 95
99 146
112 66
290 30
215 206
196 15
286 53
141 277
166 130
43 219
266 111
123 219
6 221
41 57
135 124
227 279
103 38
171 283
164 138
43 278
282 93
167 44
81 297
27 104
245 161
250 109
204 226
103 35
43 257
54 295
65 77
197 60
86 281
185 37
22 215
96 206
269 10
62 130
152 186
71 225
25 152
265 253
181 46
214 123
292 234
162 194
141 232
263 74
52 158
203 40
18 52
296 241
105 134
245 301
25 196
255 199
11 153
129 120
221 242
139 186
291 263
117 82
38 273
293 71
83 306
144 51
237 87
143 230
300 294
73 162
175 176
103 187
201 196
181 134
165 114
79 184
68 185
105 158
120 59
52 115
171 82
225 94
196 156
304 113
171 130
174 175
90 199
132 245
239 306
158 38
232 70
117 144
204 4
258 304
124 288
273 227
190 56
173 180
205 261
101 78
96 191
180 146
154 183
137 123
70 305
17 23
301 44
73 243
102 305
298 35
300 242
260 57
100 52
137 175
287 162
149 69
177 84
282 278
39 161
169 259
55 63
226 189
235 11
60 272
112 216
149 27
261 135
7 201
6 231
84 160
296 89
124 214
273 302
106 113
124 43
104 252
35 175
99 278
20 182
135 23
210 159
135 6
235 95
179 228
275 300
225 40
71 113
224 155
176 228
107 159
60 199
296 234
110 1
239 294
292 300
56 205
249 166
98 267
36 45
293 72
191 86
63 285
259 77
225 47
187 258
157 23
159 22
143 262
289 243
297 22
177 252
284 7
69 192
60 100
193 257
245 27
76 223
213 182
84 90
165 218
229 74
143 285
22 47
254 53
157 152
57 218
226 206
234 271
305 62
175 196
15 188
148 149
305 92
67 227
276 279
180 191
244 19
8 159
21 65
168 188
211 57
249 256
277 28
123 31
66 179
258 147
16 250
252 227
268 165
146 268
199 38
158 255
6 143
134 145
80 156
94 216
255 204
128 186
48 38
285 37
19 99
228 49
144 293
91 170
76 121
270 98
49 154
20 52
305 89
224 199
251 27
166 173
24 205
113 82
6 172
164 22
253 201
286 291
39 210
130 178
199 121
294 81
243 44
89 46
18 233
39 243
125 247
260 76
130 302
175 145
18 144
73 111
101 271
89 30
93 249
73 129
253 170
297 233
164 156
49 271
77 9
63 99
152 220
60 288
115 46
261 147
252 68
32 50
283 209
157 45
3 73
168 26
302 274
265 240
116 41
113 263
251 123
125 54
204 286
83 10
257 228
255 145
225 298
52 278
129 1
229 110
22 163
74 106
205 137
301 116
222 305
206 12
190 79
103 9
294 229
45 200
104 35
231 128
234 305
240 36
39 263
245 265
124 61
129 89
299 60
288 78
94 61
299 53
14 25
260 36
214 225
37 117
153 234
90 164
215 175
85 66
81 119
230 58
40 287
264 15
124 255
84 182
306 116
274 138
215 191
69 158
20 165
47 15
304 110
15 26
168 15
199 119
17 1
238 210
15 257
66 304
302 116
281 18
111 48
13 187
249 293
151 214
41 205
175 206
18 114
256 149
254 82
182 299
191 70
93 18
60 143
140 216
79 70
244 294
74 50
142 185
150 196
272 179
168 114
101 147
217 245
245 10
277 204
42 95
112 191
242 201
214 288
185 14
121 147
291 213
130 141
102 217
270 278
80 216
127 18
294 89
292 27
224 114
304 289
280 256
119 82
37 114
242 221
158 161
243 191
52 14
272 248
18 123
73 16
104 260
154 162
84 125
22 98
200 67
104 61
39 10
268 146
172 29
266 179
228 37
177 25
1 24
260 150
61 186
161 202
222 19
103 286
11 158
24 175
193 100
109 33
29 94
27 106
102 86
205 117
189 291
29 190
190 164
37 284
199 172
56 296
276 59
235 154
196 275
53 294
4 194
187 116
283 290
57 95
287 260
75 229
298 126
213 249
86 241
198 238
107 198
179 19
159 36
176 131
197 41
106 151
27 4
248 62
183 137
52 119
102 94
193 36
198 277
65 278
193 89
281 299
155 243
6 93
207 191
237 248
21 176
208 57
180 92
274 281
89 224
159 122
22 232
195 111
240 15
298 249
298 251
289 54
208 116
58 219
72 24
1 31
135 215
171 220
52 260
28 134
270 35
105 229
299 50
137 10
175 221
69 288
226 299
207 250
170 136
51 304
125 254
264 208
19 258
134 261
276 187
95 250
108 36
32 208
207 100
95 7
248 75
273 56
121 63
80 193
56 306
129 79
208 92
105 282
186 68
305 209
227 2
7 220
126 18
236 209
90 208
174 247
248 69
283 35
83 92
88 221
240 30
259 210
223 132
273 195
296 102
199 200
281 245
89 242
131 68
286 186
8 17
160 54
72 262
242 263
33 32
213 92
211 289
160 60
138 235
241 87
61 263
11 135
45 128
195 231
275 231
17 289
109 256
128 194
29 105
203 273
56 34
82 168
42 259
68 252
64 20
227 261
61 30
271 158
243 57
235 170
64 232
197 102
164 200
161 18
295 106
297 219
289 138
256 18
299 48
180 267
46 152
155 266
227 304
40 56
54 245
197 148
230 201
160 182
232 104
228 40
71 84
10 44
65 306
86 54
215 239
149 107
37 248
129 188
45 258
214 142
159 104
7 152
142 160
98 13
100 278
273 152
65 115
94 203
57 301
85 230
142 181
106 199
292 163
183 273
20 158
304 90
68 46
263 62
287 51
272 231
79 168
119 162
271 124
34 237
51 27
298 184
291 4
12 209
97 241
107 130
114 127
42 304
82 225
46 96
40 125
132 77
25 183
246 104
248 137
124 285
137 22
77 300
47 221
221 190
228 13
244 255
186 102
18 65
5 228
80 126
173 243
247 61
72 155
296 126
209 267
9 51
170 192
104 279
176 194
76 171
134 265
212 197
133 27
101 148
30 170
51 88
207 50
25 236
88 263
120 296
85 245
129 280
45 135
196 230
104 152
99 252
78 292
268 227
144 138
236 115
241 291
41 222
197 178
143 124
176 108
68 109
128 38
261 193
31 245
135 182
246 153
163 229
229 56
163 78
145 287
202 232
15 290
159 272
286 269
115 119
66 46
257 197
93 202
303 71
53 210
95 262
48 54
101 292
131 185
79 114
199 77
134 236
27 165
124 203
8 89
6 268
94 294
38 109
67 84
247 60
80 300
66 3
143 68
164 144
92 294
180 171
150 15
73 167
23 293
261 100
203 108
82 257
142 34
58 21
228 181
265 24
62 297
269 188
300 207
112 51
164 121
129 25
293 87
8 55
51 278
284 235
81 147
279 67
57 180
260 162
3 55
301 153
86 105
260 215
50 146
35 279
251 187
243 101
269 215
259 159
152 46
13 237
296 182
164 241
250 299
27 48
244 81
88 23
87 4
71 210
227 112
252 121
165 51
81 266
120 115
147 196
249 32
60 226
187 86
57 193
198 233
82 188
153 114
60 17
213 64
140 185
158 202
272 174
286 42
139 71
150 257
37 65
26 110
148 10
219 128
71 4
160 30
29 301
26 193
209 87
285 181
239 58
263 273
36 250
298 15
293 192
118 304
179 123
152 77
133 186
258 199
257 62
46 7
112 218
53 77
302 200
47 30
238 3
152 176
83 206
162 128
164 2
169 215
167 172
35 135
278 272
111 149
115 61
127 246
120 212
68 116
135 164
201 1
111 272
154 70
44 67
280 126
235 83
250 99
259 155
153 92
278 75
278 33
297 135
48 93
155 32
10 163
210 52
67 160
18 204
53 17
55 68
134 5
58 196
171 98
105 174
45 10
94 134
245 45
175 148
208 300
112 169
305 150
280 201
271 202
286 152
87 79
160 6
143 178
139 269
75 110
100 111
228 302
273 122
291 23
282 275
15 58
84 158
83 212
195 304
301 205
63 293
263 30
186 202
120 255
305 73
262 40
13 52
66 102
32 244
149 62
232 197
247 259
166 276
67 284
30 199
144 102
235 23
85 93
269 204
8 229
11 88
235 46
83 151
274 98
278 44
50 24
116 183
98 199
100 225
130 209
16 300
247 8
27 36
12 196
121 82
273 184
170 177
4 126
176 21
279 147
143 122
82 36
302 51
302 63
81 65
147 201
167 97
175 263
34 5
32 306
282 78
197 82
163 19
161 121
12 267
199 140
19 7
16 5
96 219
278 221
230 60
271 234
270 225
123 35
44 208
183 192
153 23
53 280
101 42
290 224
256 157
69 283
79 165
247 7
246 106
195 145
195 36
302 85
236 60
57 93
75 59
106 65
221 244
286 198
250 139
213 278
94 23
72 268
136 292
216 244
236 16
85 187
44 205
215 19
36 55
170 95
15 122
37 143
139 189
172 278
221 228
277 25
138 105
192 275
267 83
209 149
260 298
126 147
38 266
228 232
156 184
200 168
304 230
132 95
94 132
127 297
295 71
165 240
251 122
284 196
34 161
263 246
25 84
223 222
36 96
281 108
79 73
240 185
25 54
114 94
303 139
81 273
159 99
244 35
264 95
178 135
187 301
29 124
192 82
191 27
302 68
28 19
88 290
298 121
234 247
249 132
187 56
67 128
193 227
66 135
64 137
104 222
121 131
279 232
24 134
124 26
57 148
14 111
246 26
74 262
161 238
83 260
252 32
298 278
137 212
10 236
162 153
256 89
95 171
301 164
257 252
19 199
41 118
7 288
235 190
44 261
93 261
19 10
259 88
193 87
168 162
212 251
38 86
147 50
21 154
203 126
19 152
3 276
268 16
255 78
55 153
223 85
277 238
189 261
136 163
175 185
111 207
23 209
177 65
195 243
210 179
41 141
31 127
248 5
239 159
128 74
62 127
266 92
65 96
234 53
162 42
12 167
141 166
108 64
242 68
247 197
124 35
1 29
168 276
94 258
69 170
161 220
12 258
215 101
132 183
173 166
210 206
2 6
10 258
120 216
108 201
81 77
200 170
290 287
61 96
256 139
106 286
235 14
32 161
129 220
107 143
58 300
177 69
121 126
101 263
158 212
140 187
202 135
6 107
303 266
113 103
2 267
47 147
103 128
9 154
86 52
4 163
95 258
235 116
83 257
4 137
239 195
38 135
226 46
78 73
61 257
284 269
203 230
181 213
180 144
41 139
16 205
119 159
267 138
103 54
144 205
246 55
144 252
4 218
250 30
146 195
26 231
212 45
188 250
50 105
223 300
113 122
252 66
48 222
287 20
284 223
132 74
296 179
103 258
111 289
298 7
72 66
245 286
232 148
123 104
126 179
193 237
22 235
263 274
303 85
252 241
245 9
142 10
244 74
160 164
150 260
224 262
299 102
98 39
245 163
284 240
278 300
250 302
168 206
231 103
282 244
171 7
176 2
215 127
278 1
36 194
205 274
114 303
145 230
183 223
228 112
220 213
107 6
262 132
235 279
41 107
264 58
153 44
141 273
258 149
270 243
262 87
178 207
192 227
66 75
91 190
194 212
206 220
137 17
252 157
190 72
261 284
10 247
281 30
57 263
252 192
218 200
297 141
154 128
117 238
3 160
121 102
185 115
27 162
288 227
169 226
113 95
42 173
4 146
130 194
277 184
118 153
101 205
123 101
1 265
113 71
103 92
138 182
101 33
94 280
6 72
276 247
131 188
202 107
197 70
91 143
228 76
65 33
116 11
46 275
124 90
139 273
201 194
84 232
188 148
200 273
83 154
39 261
206 241
155 118
181 130
118 235
19 217
252 140
247 57
297 171
264 9
114 220
85 65
303 280
140 56
295 18
74 248
84 260
31 54
223 260
126 16
50 18
39 2
239 153
294 86
240 129
213 229
164 44
83 6
306 256
208 248
191 252
91 51
121 186
226 136
215 272
2 192
102 112
31 300
5 137
49 226
305 116
55 210
30 118
274 133
30 265
94 283
106 115
2 52
195 295
50 203
142 262
215 187
232 24
136 145
262 18
219 218
75 302
156 170
235 99
112 33
191 185
167 31
219 197
187 165
269 45
123 184
85 210
168 260
144 253
219 277
169 216
188 299
100 93
185 70
300 84
205 21
78 195
180 223
69 306
174 173
264 199
302 44
270 155
180 235
216 108
118 70
290 252
37 254
131 230
91 212
96 218
65 76
77 233
235 91
26 57
51 42
195 70
193 236
166 242
119 114
262 101
304 38
243 252
266 182
241 238
23 85
211 213
240 2
41 37
247 52
119 151
59 99
254 147
158 139
36 97
139 24
167 293
42 14
53 301
106 189
212 189
202 187
156 52
199 258
202 166
161 47
288 67
203 156
179 17
252 273
21 74
103 250
77 306
88 261
260 292
146 42
197 139
95 99
100 97
157 20
187 207
27 21
297 102
137 99
278 279
275 244
200 163
143 238
197 11
96 101
292 61
58 10
161 236
105 123
76 163
14 224
236 220
10 149
74 284
161 290
136 224
123 185
188 180
262 296
93 153
11 72
215 148
107 157
225 121
199 50
164 279
199 126
133 3
230 198
220 174
161 64
3 98
119 223
200 211
148 108
152 142
12 257
256 196
117 106
304 30
171 247
128 265
92 235
170 145
130 248
234 172
173 37
100 148
182 57
172 119
175 237
10 31
180 247
300 20
47 241
126 142
49 114
175 230
284 122
232 223
235 205
165 268
32 200
31 23
42 118
260 214
64 238
271 159
22 119
44 111
8 119
100 241
87 11
266 105
30 216
176 115
36 84
148 218
30 104
130 240
62 143
129 274
71 150
275 156
306 111
216 264
208 144
25 96
203 49
96 274
285 45
125 219
185 15
35 286
90 58
47 304
87 136
213 299
306 213
305 34
206 297
185 242
2 235
260 121
270 285
266 50
224 261
265 261
75 34
128 292
258 224
141 129
83 33
127 218
81 87
280 190
195 106
267 244
101 149
64 268
217 155
157 17
63 95
269 111
244 233
130 56
131 295
72 152
142 298
262 137
232 234
273 230
242 61
235 162
96 192
186 299
225 51
90 193
21 213
66 217
211 256
141 181
145 113
129 119
206 75
81 189
33 179
157 50
194 255
198 220
305 139
251 117
36 20
98 78
136 137
301 38
