353 231
275 78
74 352
71 246
1 330
335 233
235 41
206 202
18 212
137 68
120 313
236 254
152 36
180 245
149 326
109 179
53 146
305 84
145 263
135 300
54 259
30 72
47 161
11 69
246 34
79 134
81 126
62 82
9 93
24 16
53 77
329 219
8 345
340 102
87 77
228 13
346 98
317 181
80 26
71 39
338 204
22 326
329 228
100 287
74 52
105 195
230 162
58 149
296 246
117 291
204 82
198 273
165 195
312 187
68 54
263 43
298 192
201 247
22 2
265 86
276 231
228 52
325 108
85 46
86 91
301 112
319 97
316 301
67 250
46 23
67 126
73 15
197 247
284 5
297 58
174 6
93 313
9 176
292 222
351 336
139 240
295 308
190 248
328 180
141 85
7 132
284 352
190 230
118 236
344 323
80 121
45 6
31 188
68 81
273 349
162 308
220 23
196 33
102 56
315 234
75 301
210 25
58 97
180 53
287 277
198 10
344 158
312 325
113 292
131 321
88 50
75 142
96 133
12 97
126 168
328 140
254 302
117 146
279 292
216 343
245 180
263 205
78 247
58 46
42 204
31 9
143 227
136 174
183 293
326 182
282 51
54 165
1 70
271 148
114 211
150 128
243 325
271 31
21 347
116 106
155 157
345 160
192 283
121 239
265 116
5 45
62 185
189 122
163 293
307 52
169 269
124 319
275 318
344 102
94 169
36 10
261 190
29 170
205 232
266 292
337 100
265 215
56 163
265 190
304 182
154 51
97 257
268 65
253 107
265 46
19 69
142 176
124 130
142 261
39 332
245 13
197 157
235 150
330 194
277 33
93 236
155 13
166 257
169 239
143 334
113 212
137 133
309 258
308 64
45 310
315 206
189 5
177 50
275 133
249 216
57 262
305 255
187 323
87 84
70 116
28 63
257 232
130 292
291 213
336 299
71 169
38 20
192 54
3 260
47 60
293 44
6 87
194 130
90 97
214 246
163 88
133 333
97 311
281 257
291 285
65 170
17 191
349 352
196 79
230 256
351 213
150 43
45 180
42 46
348 173
332 158
269 109
