174 865
73 143
74 165
174 15
95 15
162 59
59 168
41 16
114 90
22 134
79 112
99 65
80 34
92 13
157 154
58 139
39 145
160 118
91 88
137 88
31 107
80 16
45 125
41 3
87 60
121 8
48 126
74 153
70 93
147 64
152 104
127 60
124 50
32 107
110 27
103 9
145 65
14 3
66 51
57 50
91 101
66 126
4 26
159 94
53 4
154 133
158 60
59 170
114 166
65 103
7 127
64 81
169 152
36 32
80 93
50 3
41 18
64 101
99 149
171 98
49 81
129 64
133 16
108 125
165 148
166 171
112 92
103 166
136 146
140 129
29 68
112 156
51 83
126 99
87 71
151 84
44 104
167 127
74 132
46 156
8 11
75 91
47 99
86 165
102 52
111 138
91 76
170 34
45 5
121 51
106 162
90 75
25 154
113 26
29 130
75 135
163 5
84 78
49 4
69 64
156 18
86 139
30 15
145 99
137 64
101 46
171 39
173 53
174 163
6 137
69 71
3 151
130 127
111 56
118 91
36 82
146 106
115 147
41 131
69 54
98 23
85 35
99 28
38 161
79 94
70 74
59 167
27 25
53 171
25 5
84 127
137 129
107 4
90 131
124 74
119 5
49 157
108 124
29 134
73 131
51 114
121 1
51 88
145 174
27 75
61 26
171 163
121 55
14 37
103 64
33 102
90 34
48 45
162 40
167 66
97 6
96 76
22 111
22 145
149 156
107 120
64 37
59 20
122 107
5 88
129 137
62 30
17 28
20 163
26 62
94 40
147 8
121 50
28 18
142 108
136 66
75 106
11 75
161 77
33 107
159 10
36 168
87 52
111 68
11 2
166 27
73 141
105 148
166 120
151 145
110 48
14 128
152 3
17 89
33 95
121 168
105 43
74 129
2 160
65 121
69 146
118 31
36 57
32 138
81 61
112 89
72 157
155 110
28 19
63 13
130 73
70 98
158 5
13 97
127 171
109 51
123 133
68 21
77 68
86 104
30 65
75 11
80 10
33 122
23 94
157 90
12 152
120 109
74 166
20 129
30 150
99 25
85 163
85 134
170 90
29 69
97 20
42 97
171 50
73 80
53 96
53 165
63 105
67 33
40 48
147 32
21 2
20 15
141 118
70 77
168 101
137 31
159 29
33 31
57 97
134 113
158 161
46 144
139 148
96 8
133 101
153 149
30 109
72 136
115 169
72 7
136 69
12 33
84 15
1 26
60 151
49 162
5 62
173 127
154 115
13 10
152 73
29 144
152 108
6 40
18 117
51 96
51 86
125 166
114 46
49 161
137 82
96 23
52 5
89 36
149 42
143 134
32 51
113 149
44 86
144 172
141 158
83 66
160 21
73 102
153 170
79 154
3 98
103 17
71 20
130 113
136 98
119 158
55 134
127 101
118 27
1 58
169 68
104 41
136 174
102 145
51 47
53 154
21 127
60 68
97 148
105 45
104 79
171 126
80 124
115 20
69 115
104 68
169 22
166 172
111 108
128 20
37 8
125 55
50 143
162 163
141 165
126 124
139 47
33 145
78 173
110 102
24 65
152 50
30 24
74 159
133 129
45 73
132 46
112 127
84 10
173 59
144 50
133 17
27 15
53 102
144 173
14 151
1 105
149 71
172 168
146 40
125 167
79 96
98 84
148 81
38 107
105 39
8 26
28 117
155 81
98 41
68 81
22 173
35 28
110 165
6 45
105 59
99 132
75 166
154 152
158 153
68 48
19 44
155 79
123 106
51 142
83 43
85 4
97 71
89 54
129 139
42 72
66 142
140 65
169 95
51 108
149 45
125 151
68 82
1 151
172 109
56 14
173 17
155 77
131 161
29 44
114 40
83 94
70 66
113 66
60 124
107 123
57 90
71 37
60 122
54 133
96 5
56 73
70 141
39 86
61 66
3 160
89 165
22 44
10 44
68 103
4 171
20 28
74 149
96 91
140 32
2 117
136 111
39 147
89 44
155 123
85 81
150 140
27 64
155 143
9 152
49 111
43 89
81 97
132 39
165 55
67 86
50 128
44 95
16 81
100 173
154 132
101 58
103 57
90 164
85 132
104 116
7 99
92 42
161 10
135 78
112 18
174 168
117 14
67 94
34 72
57 24
167 75
168 42
49 167
166 145
97 64
91 8
121 146
82 13
169 103
44 150
169 134
111 151
114 170
49 93
18 33
98 158
147 33
109 122
38 102
16 172
129 150
18 173
67 28
2 74
98 112
16 115
22 170
68 73
60 148
139 129
160 53
5 129
53 124
171 151
4 102
169 115
3 77
13 152
85 36
98 174
101 87
101 140
158 125
38 55
88 56
54 127
82 32
3 79
58 38
110 3
135 14
22 150
170 126
61 129
42 27
113 122
142 22
28 32
80 99
142 96
76 2
81 161
164 5
107 134
71 104
96 9
142 162
174 28
160 158
147 86
100 143
135 151
68 31
62 171
138 128
88 157
119 30
17 72
31 97
121 133
107 130
112 116
48 37
33 85
148 101
9 50
129 100
29 32
34 19
152 130
101 171
29 76
123 101
51 151
118 119
61 153
24 36
160 67
20 24
149 94
91 2
134 97
161 43
159 142
72 29
34 23
144 127
7 109
40 82
172 27
7 167
8 35
152 87
92 141
174 25
132 21
145 171
149 1
68 150
149 86
62 41
54 116
145 109
122 123
37 167
18 130
49 123
73 88
124 132
137 128
155 63
19 118
99 31
151 21
162 158
57 93
25 123
167 54
73 110
34 145
42 170
3 112
4 163
87 84
140 126
167 46
171 161
21 100
92 97
4 15
60 66
123 88
58 23
37 145
65 100
130 152
164 57
13 61
70 49
173 149
17 51
99 146
48 97
37 47
122 47
113 34
138 15
20 62
127 22
64 157
145 44
171 54
49 73
79 161
161 75
79 92
164 96
101 59
82 170
112 157
5 82
111 95
151 107
99 50
42 66
165 116
35 125
74 103
55 100
5 99
10 129
42 137
115 111
130 141
134 115
164 23
116 90
60 90
129 30
167 100
171 45
138 142
155 102
29 118
50 43
156 3
20 144
13 139
51 166
133 62
146 160
12 119
125 63
12 2
109 71
57 78
157 106
46 103
33 140
106 73
97 33
93 134
11 93
52 144
18 161
157 103
9 156
113 27
56 131
95 94
82 174
134 2
143 21
128 2
55 67
32 102
55 18
67 74
96 120
54 140
134 162
79 16
149 85
77 155
102 94
25 116
128 169
105 158
140 4
119 49
46 174
164 159
135 11
32 98
128 65
130 22
132 20
107 115
165 11
169 23
23 128
158 8
110 159
96 155
73 114
77 25
165 4
136 8
126 96
19 53
108 129
136 138
49 66
24 105
46 77
136 7
30 103
152 24
99 135
69 158
112 100
39 123
31 98
136 4
123 52
107 97
130 62
65 89
15 158
61 8
7 56
133 79
70 34
148 75
36 133
130 95
48 13
105 89
109 15
88 155
88 126
32 21
87 157
110 50
48 96
61 69
46 58
120 64
106 59
84 163
166 149
145 64
171 66
119 151
61 160
56 110
174 115
44 96
1 27
78 130
60 41
72 162
79 37
47 26
152 61
57 89
161 89
41 110
124 87
169 143
32 125
82 19
165 91
131 91
69 139
152 131
18 122
105 126
20 49
129 45
62 43
122 56
112 135
71 128
152 22
48 70
165 17
86 102
65 58
119 110
147 41
86 159
126 171
92 107
98 140
34 155
102 14
76 98
152 16
144 46
92 118
124 134
164 154
168 90
88 164
69 20
44 107
37 40
150 165
136 17
132 137
65 152
13 38
44 161
82 118
127 26
122 49
129 162
150 28
25 41
102 98
55 141
104 92
136 60
52 169
132 166
49 153
129 98
90 129
68 109
128 135
4 74
46 157
151 13
106 104
141 25
57 54
74 127
