1000 10000
986 374
94 201
432 876
442 438
484 987
538 881
16 443
173 251
718 605
898 793
605 81
759 754
502 954
185 140
759 466
528 663
437 883
837 573
794 126
890 986
534 457
791 842
272 175
931 739
711 228
482 202
535 815
27 140
294 9
473 522
913 338
986 878
858 867
337 910
131 347
912 170
197 156
522 404
598 297
967 661
49 249
339 138
211 188
302 730
498 883
427 727
636 720
27 512
32 546
412 760
640 284
728 620
132 104
701 347
157 171
917 760
370 248
594 399
639 996
705 862
715 508
570 647
952 990
601 888
637 895
458 112
306 144
608 700
780 438
568 452
47 488
262 282
137 151
716 578
623 715
988 114
218 736
215 461
924 377
799 489
837 324
51 642
875 977
275 107
53 171
729 819
664 33
829 389
725 631
439 503
67 232
255 831
70 435
537 851
875 205
569 858
126 438
48 127
9 306
967 958
650 871
196 913
592 233
581 644
502 421
166 413
250 860
878 629
723 816
908 375
731 90
13 854
584 885
191 856
667 750
942 751
186 35
87 18
367 250
832 337
877 526
681 319
658 354
698 727
892 647
59 385
992 917
429 38
798 935
161 358
130 825
640 604
850 817
637 645
973 33
286 547
385 578
602 942
620 601
637 972
603 763
132 936
725 379
68 624
817 450
445 817
713 164
127 357
585 103
231 252
417 895
929 138
79 459
795 10
260 432
456 704
932 572
778 750
177 236
622 981
551 631
359 864
250 508
137 922
266 182
696 585
866 919
790 785
210 72
294 703
751 346
955 189
525 53
48 117
900 349
555 973
234 64
725 619
178 904
881 816
186 281
690 222
845 206
994 743
663 890
275 560
816 615
579 625
634 821
256 665
246 857
787 625
721 372
882 81
177 845
759 836
522 396
314 664
595 232
327 886
954 600
224 604
8 39
39 81
696 623
877 365
131 342
187 393
615 221
521 937
220 877
99 851
102 898
67 416
840 97
356 229
196 118
216 782
545 661
400 954
251 371
913 502
181 896
657 731
158 797
749 201
38 303
969 845
950 161
863 123
556 562
450 399
985 224
725 866
938 847
877 544
488 71
507 733
77 246
997 87
526 951
825 692
611 52
242 219
943 307
889 595
977 40
88 105
792 119
426 34
597 284
98 699
737 258
744 451
977 774
218 876
101 904
789 11
556 182
426 740
52 539
795 136
893 243
672 192
666 657
792 623
294 83
650 309
460 555
20 412
800 807
35 790
579 994
903 771
823 393
953 411
126 53
981 986
572 510
888 72
43 872
461 258
874 511
175 225
3 470
924 188
151 819
287 49
449 772
750 553
323 921
984 158
922 297
435 487
756 4
710 568
721 72
833 83
675 797
200 783
786 758
614 423
547 445
1 563
160 662
722 616
196 93
387 757
338 782
737 523
734 140
455 918
746 716
119 873
751 505
332 890
185 770
59 438
66 836
49 275
751 662
46 597
462 703
422 363
823 788
752 311
598 581
504 486
402 932
330 974
879 790
3 637
304 307
231 899
712 56
426 540
270 638
591 951
846 136
867 444
57 830
823 585
675 261
120 925
750 593
155 560
264 746
105 189
67 80
666 96
487 933
910 563
490 512
436 443
434 975
204 628
423 889
861 859
749 957
286 464
46 671
992 150
83 357
542 226
730 829
541 225
82 132
433 57
487 20
536 108
55 63
168 485
530 693
283 571
190 20
62 894
359 457
456 914
695 780
196 66
476 504
612 582
18 57
778 138
848 670
820 514
384 311
712 818
86 826
4 52
838 556
127 143
820 156
899 12
379 433
470 557
134 723
170 401
3 369
756 636
198 786
330 703
532 695
523 817
24 125
581 859
842 476
858 927
584 361
477 81
196 157
62 125
387 117
494 614
684 298
598 726
658 836
797 974
447 767
830 74
559 489
675 215
779 915
684 456
783 472
83 585
173 276
430 502
216 36
761 182
154 235
931 465
173 867
739 240
535 359
594 132
62 904
68 368
820 762
823 750
91 54
445 701
149 896
196 663
74 495
494 546
63 882
731 416
192 456
393 1
830 126
545 562
579 402
46 525
595 452
63 115
644 257
411 174
330 895
462 319
434 658
900 524
101 52
905 641
786 63
240 142
898 922
140 475
863 92
849 890
156 417
875 577
214 929
17 668
718 899
188 711
774 192
177 372
319 571
57 426
945 450
967 777
485 73
79 612
773 559
924 870
170 711
304 218
728 644
346 802
851 312
852 263
903 775
853 970
830 434
893 977
716 265
527 3
548 279
698 79
476 535
906 323
73 787
811 548
117 512
949 276
310 520
615 527
251 420
685 40
474 887
215 410
973 236
407 218
922 937
122 524
446 186
814 674
855 828
371 925
545 7
34 971
420 506
500 614
508 911
335 450
561 244
226 663
695 543
257 45
382 704
997 549
439 259
666 645
660 641
751 1
956 92
523 755
633 259
648 570
537 813
920 428
708 925
563 605
473 672
18 939
990 897
926 825
210 164
580 989
381 950
706 296
579 152
434 350
633 515
679 627
204 148
429 259
975 147
316 621
111 607
970 948
981 361
112 179
538 462
273 778
475 422
314 623
700 961
600 308
783 202
381 237
903 204
955 928
632 524
804 835
355 483
766 522
161 560
292 889
714 593
957 827
152 554
420 504
837 993
215 998
736 650
199 673
844 7
101 873
973 867
74 945
441 735
94 74
215 459
613 823
191 350
840 921
471 560
777 308
890 965
622 176
169 874
784 475
648 354
220 462
489 724
50 878
723 133
508 266
170 877
727 714
694 76
638 844
86 992
572 754
821 865
739 40
305 289
516 35
209 188
97 238
288 605
346 990
140 637
333 208
56 884
90 440
652 628
78 370
115 134
56 441
1000 677
381 172
324 178
616 932
310 464
803 778
977 267
121 277
477 480
306 565
782 331
913 915
421 465
11 988
170 542
638 260
741 399
6 609
227 957
309 58
457 621
263 370
258 308
605 647
223 892
231 197
567 113
455 507
294 862
143 169
129 600
746 435
610 47
940 138
746 29
415 741
685 738
298 601
749 842
922 528
89 877
339 955
158 684
699 619
598 234
330 58
686 677
13 966
89 481
459 914
716 496
632 495
35 670
669 997
29 118
327 778
309 64
631 295
244 486
202 741
869 737
433 408
314 447
473 289
813 932
374 855
652 552
376 783
890 912
537 603
447 829
396 980
594 767
366 145
536 60
21 572
695 402
106 348
144 661
683 555
301 636
885 525
459 634
808 784
566 905
756 589
154 143
350 697
782 566
15 151
104 535
631 590
280 261
526 109
109 883
357 229
778 921
437 950
646 10
540 369
827 587
620 669
949 905
803 325
139 711
961 995
871 937
164 526
600 468
274 601
915 482
41 478
781 839
901 950
318 200
100 361
153 17
659 241
223 461
137 173
505 731
105 339
767 367
594 712
504 559
295 842
493 41
944 642
255 633
714 67
82 575
49 667
967 4
332 994
610 813
508 156
722 368
919 553
889 542
76 278
266 836
381 239
59 833
46 101
147 720
966 668
770 156
93 822
38 231
762 588
194 36
718 671
148 146
39 217
386 367
532 919
788 979
821 900
95 117
742 388
394 90
752 278
156 208
982 580
508 511
265 881
533 414
594 192
96 394
906 306
530 32
157 834
194 552
266 199
232 657
667 364
764 452
439 344
651 909
537 103
422 626
655 614
185 920
638 285
152 798
105 285
15 221
209 728
44 379
777 647
840 538
616 760
140 778
101 95
55 859
407 706
347 258
627 147
930 234
252 397
968 329
276 130
171 104
97 294
893 715
525 837
122 85
329 734
742 422
710 602
321 745
334 426
196 959
763 220
157 835
43 119
118 499
228 259
828 322
68 928
884 17
717 657
289 330
561 119
147 567
357 275
163 446
548 822
417 584
885 445
815 118
709 243
64 661
474 871
103 539
708 70
475 34
671 624
301 268
479 908
36 316
809 442
154 588
365 227
239 811
100 733
367 421
164 491
638 223
680 211
808 856
585 480
388 298
510 729
496 639
284 131
865 260
479 45
484 26
382 322
42 405
96 802
46 113
400 199
11 743
110 483
891 639
274 792
486 636
605 57
374 838
726 687
188 725
702 24
715 59
227 358
146 177
934 700
695 65
537 495
535 332
545 263
535 454
934 366
998 364
765 774
923 794
336 715
183 745
484 358
52 516
130 714
276 321
745 764
414 782
885 499
202 31
982 113
889 188
414 401
139 884
880 287
479 427
580 804
784 387
999 991
954 91
529 195
385 747
543 142
345 581
323 731
596 306
242 508
127 256
871 417
200 244
614 795
520 3
410 310
910 924
353 400
148 284
264 139
373 827
855 982
536 547
936 473
526 393
346 174
798 796
575 883
335 491
328 705
891 470
265 599
358 189
670 474
261 264
88 785
897 764
765 227
776 720
128 697
757 113
624 590
563 264
3 7
781 550
481 303
175 108
316 452
956 677
375 314
600 520
681 672
67 282
336 728
586 499
43 277
979 360
524 277
564 442
425 339
169 651
408 517
506 909
647 710
903 23
465 831
646 658
205 22
444 935
832 828
587 410
99 454
854 95
910 805
106 798
827 23
720 606
62 725
470 199
775 409
327 782
387 640
812 491
107 952
453 27
979 141
699 170
371 177
621 486
31 92
74 772
589 310
87 532
964 287
818 791
461 333
766 808
281 261
688 807
352 69
735 857
354 787
831 783
171 659
247 92
622 943
39 877
796 284
798 950
936 293
767 229
804 948
328 275
905 185
988 781
458 958
62 379
573 658
700 726
444 497
384 897
455 592
271 388
603 989
578 209
386 462
150 106
738 827
708 698
571 910
476 586
842 66
862 884
116 865
682 942
69 955
859 243
981 64
756 731
152 842
754 670
860 97
306 581
460 465
554 636
986 838
479 304
102 975
538 197
317 87
230 544
306 237
353 153
247 573
115 387
718 178
880 41
751 796
410 747
976 33
299 747
648 627
477 544
945 287
87 66
108 94
420 584
635 946
854 546
213 324
694 834
12 999
104 25
533 877
479 663
198 261
166 359
437 794
990 313
506 145
16 164
45 926
244 881
321 534
754 118
719 819
59 655
651 39
133 11
291 315
942 41
313 289
912 489
382 263
659 262
574 698
813 542
306 250
433 142
111 511
291 31
864 844
474 167
500 39
191 54
200 142
577 431
569 213
325 152
402 558
208 836
583 575
578 404
479 695
62 634
43 229
942 862
212 874
580 528
113 968
823 548
517 433
727 710
740 360
743 584
697 953
916 970
542 244
600 546
874 833
522 511
158 569
874 569
58 483
72 534
749 238
445 930
392 791
291 708
783 597
871 48
709 136
254 41
365 19
134 744
298 985
778 901
393 210
186 128
893 152
208 482
804 494
586 666
830 24
931 483
63 241
38 771
468 923
266 513
864 301
584 511
487 700
560 830
788 959
773 43
531 42
102 576
283 71
641 675
401 855
82 326
647 168
192 146
665 415
6 232
814 915
502 969
591 604
60 426
881 4
614 857
828 505
304 966
512 785
90 970
773 792
453 687
328 749
300 394
622 21
163 717
140 919
491 773
754 256
574 360
795 545
747 432
805 274
102 65
782 719
175 674
343 853
166 387
735 131
12 261
290 553
174 149
372 740
901 23
702 900
20 346
13 575
265 401
23 677
849 745
47 449
544 489
551 512
864 370
299 914
996 690
676 827
978 563
918 577
191 912
120 258
414 179
6 723
499 381
703 77
774 734
788 613
139 618
999 122
225 641
142 214
270 481
677 650
445 983
120 145
588 983
132 800
24 189
182 428
762 951
250 647
555 110
843 674
733 342
374 270
104 358
942 491
156 371
72 97
157 799
383 254
814 158
74 657
867 693
627 837
216 762
234 118
857 736
130 530
784 32
143 666
4 496
772 364
625 593
569 168
529 363
145 492
81 102
291 508
514 566
59 391
935 224
192 866
565 18
450 893
283 813
917 453
815 403
589 59
862 877
542 206
443 221
931 954
571 694
40 849
975 840
739 72
321 921
727 987
847 279
216 7
461 540
368 827
451 656
268 847
562 619
510 687
885 189
182 235
314 572
787 206
107 258
337 858
585 861
883 986
61 32
779 854
653 984
234 81
18 548
144 243
742 535
262 293
555 130
573 449
33 28
813 245
647 940
293 258
164 477
212 205
778 383
31 447
79 476
628 660
771 105
907 282
404 262
422 952
172 364
280 96
170 979
154 337
725 54
544 84
21 848
834 838
99 590
402 640
578 173
827 200
364 921
493 268
232 481
617 713
27 650
795 847
421 875
555 468
418 327
102 98
676 799
877 805
660 301
988 984
556 896
712 160
463 312
537 544
754 788
920 789
890 506
27 329
100 817
271 52
427 556
84 449
371 557
430 454
110 898
161 273
241 716
659 851
384 137
173 914
975 834
859 892
888 378
674 130
31 653
801 501
508 389
786 359
431 643
637 202
926 945
584 55
546 436
103 130
304 488
882 775
765 574
850 366
340 888
32 654
19 251
921 259
209 187
333 60
998 166
646 808
743 289
584 382
692 999
340 850
235 354
162 114
324 700
704 326
570 491
408 844
496 241
591 282
298 639
178 22
314 950
549 99
761 387
978 179
445 324
183 430
876 277
286 791
85 97
619 65
106 908
735 991
91 242
686 587
375 859
803 992
623 406
174 10
471 287
743 193
700 143
81 479
693 494
984 336
780 65
840 936
927 975
357 677
217 672
718 422
206 681
981 115
222 75
977 32
215 585
713 97
848 684
123 750
812 678
946 472
135 106
73 941
468 542
407 87
606 622
536 246
826 863
467 939
960 213
829 89
679 927
50 472
38 893
580 680
886 619
838 608
180 683
427 12
764 902
166 641
863 255
721 852
204 68
818 373
839 251
481 660
392 499
235 940
1000 766
390 822
56 503
659 749
332 816
12 656
110 948
163 671
215 112
705 770
769 285
550 873
273 15
859 921
299 468
188 436
3 348
494 777
233 302
813 34
242 821
827 337
998 109
263 698
536 650
700 33
496 44
543 900
272 714
991 760
619 344
310 854
156 96
68 107
180 577
202 886
284 101
485 585
99 570
203 37
177 130
281 509
759 762
953 447
316 448
592 474
55 576
220 728
788 620
893 757
742 319
673 394
430 352
885 358
729 677
910 825
236 183
91 665
425 194
140 276
501 312
987 67
22 693
332 655
942 351
367 322
799 758
856 725
711 534
817 149
882 636
680 445
531 757
520 763
351 290
367 575
189 950
459 307
550 196
731 66
857 7
108 138
500 900
383 274
798 214
15 413
907 697
290 385
83 782
576 345
592 699
194 350
616 686
614 635
135 898
863 535
548 348
503 933
976 143
909 577
752 837
936 449
243 957
498 625
977 749
152 328
930 22
922 327
191 202
261 361
401 645
117 840
637 693
790 923
564 652
776 447
96 283
951 822
62 374
974 574
615 557
730 187
640 700
284 954
717 83
267 595
937 169
748 86
242 533
308 747
392 686
522 270
10 925
146 42
768 398
126 87
79 691
666 679
860 858
719 380
611 908
965 190
300 749
717 224
466 717
591 432
452 34
811 147
806 128
611 875
256 110
58 956
524 863
519 374
623 939
415 810
980 928
25 504
703 345
398 613
772 562
224 289
262 612
102 305
848 45
672 532
383 125
672 421
834 829
914 490
605 20
555 996
878 23
493 593
107 127
995 355
526 953
118 766
740 669
591 463
998 293
626 150
671 297
506 525
194 333
942 646
313 912
850 380
129 703
219 350
24 922
23 650
456 390
908 628
992 687
769 903
225 965
728 610
641 679
415 941
712 717
25 466
239 96
183 489
16 4
12 72
872 896
783 574
97 377
850 434
277 302
368 779
530 383
896 558
684 813
643 972
550 708
814 736
527 368
197 515
739 167
187 215
419 857
198 766
125 627
963 759
307 93
334 326
685 252
644 757
764 621
736 848
333 761
509 654
560 202
237 408
372 195
547 900
454 684
813 466
521 193
224 645
348 19
44 120
247 204
555 144
578 100
761 950
140 399
489 453
237 208
897 860
162 583
852 449
814 554
209 971
152 558
995 81
662 134
388 5
803 236
969 654
987 222
497 380
835 892
714 819
844 104
338 275
589 131
841 769
253 230
763 352
346 614
766 11
374 169
657 752
324 964
247 313
957 927
743 998
814 315
931 644
426 409
804 388
176 969
552 615
863 406
227 244
918 816
934 8
123 11
386 118
580 931
213 751
467 373
968 448
45 912
561 906
291 204
428 960
47 452
367 267
908 328
451 212
208 768
112 126
157 224
808 668
323 533
910 663
327 693
858 422
697 830
154 270
598 121
882 660
415 739
245 679
578 902
803 544
54 267
654 217
163 942
724 236
684 743
820 900
870 214
217 368
990 535
527 146
651 654
791 469
827 83
758 525
415 927
951 235
675 594
531 969
765 813
70 983
487 441
781 811
768 551
14 896
557 777
777 137
860 698
556 875
7 259
912 38
571 974
311 422
352 781
93 310
651 54
922 916
739 362
748 506
170 48
588 48
977 278
701 461
504 243
339 780
211 530
851 183
123 50
787 275
43 145
485 280
455 764
788 631
999 104
402 250
740 247
435 592
209 999
306 930
796 358
1000 432
624 104
554 403
712 19
492 755
981 771
676 18
174 861
295 939
451 716
197 376
736 766
530 418
49 981
181 496
413 288
180 149
224 662
584 613
98 515
678 304
565 425
785 797
921 737
799 797
944 26
439 318
127 27
348 268
568 589
253 222
18 347
91 400
329 676
371 936
922 459
434 365
773 309
578 476
118 950
171 831
861 672
969 248
65 371
185 437
48 935
297 5
127 611
869 486
513 428
240 200
352 474
174 724
374 807
892 325
24 247
284 370
21 634
733 124
339 541
879 787
557 798
744 176
449 27
872 36
5 552
772 884
448 914
881 694
148 222
690 962
545 478
509 602
815 714
712 861
813 431
935 800
415 592
402 927
891 431
551 256
765 73
545 573
17 784
913 238
154 185
839 23
882 21
448 629
494 314
446 448
545 806
863 482
411 694
728 265
366 175
15 433
325 533
613 838
745 121
577 652
99 379
817 743
349 213
177 528
299 52
476 372
817 906
655 167
431 621
684 832
489 926
336 810
999 559
664 103
992 97
969 198
245 195
182 741
97 457
275 238
535 752
566 964
336 140
271 532
981 976
924 670
120 573
118 17
841 577
962 945
961 650
523 707
844 27
12 676
650 100
425 711
174 198
94 714
616 979
889 108
282 426
363 85
28 214
976 564
539 846
433 215
771 719
330 31
982 389
618 655
772 119
111 865
88 455
803 773
39 47
196 564
229 22
304 374
245 537
281 439
591 740
47 163
405 90
12 606
854 85
387 231
115 282
803 800
641 241
980 639
125 310
85 441
264 556
365 607
70 523
420 713
653 933
75 979
923 13
671 178
935 546
675 58
751 635
98 483
181 581
590 305
457 821
1 27
500 295
8 302
932 306
262 120
250 9
620 428
466 573
291 459
827 316
667 648
851 110
907 573
603 895
72 417
115 306
880 410
757 558
851 375
824 557
984 317
700 519
294 980
207 430
825 974
256 977
801 734
270 584
953 727
360 60
393 529
350 555
841 115
268 863
863 292
599 66
985 269
782 742
391 399
529 537
598 575
862 160
64 707
779 172
776 867
586 853
172 177
595 522
890 439
552 326
233 486
133 485
314 871
522 979
877 235
151 537
713 673
966 127
814 513
81 590
444 852
683 342
764 502
338 763
259 789
30 364
437 89
277 485
643 834
102 496
413 374
629 430
796 914
153 196
182 274
806 998
648 854
562 12
698 293
66 431
615 818
491 270
326 727
519 359
673 248
682 697
948 718
739 811
869 72
191 697
951 315
506 752
868 792
781 234
563 717
508 198
338 713
29 167
841 752
470 468
467 665
667 844
619 891
443 705
709 771
182 79
955 775
806 860
796 500
116 778
164 71
617 869
624 512
486 858
780 440
397 578
291 797
936 810
758 428
816 512
57 446
756 974
9 906
141 446
897 781
583 33
755 564
303 832
767 124
941 773
328 361
440 458
96 741
114 888
238 418
524 902
156 318
849 674
801 336
684 166
977 889
812 526
21 361
409 59
127 448
399 585
62 733
814 667
891 265
800 785
65 329
360 455
111 716
904 691
736 555
410 323
445 786
282 735
250 111
385 143
455 847
471 730
399 357
309 400
601 424
75 175
288 648
369 548
100 519
330 343
690 948
659 382
77 453
488 91
721 89
440 577
46 585
785 142
452 538
671 220
927 283
253 139
822 599
279 275
977 847
16 437
468 580
139 478
955 331
217 475
32 568
280 744
655 847
787 426
711 521
299 193
871 587
985 328
288 983
639 554
411 760
853 373
195 147
788 187
538 459
497 267
909 564
893 625
926 53
237 402
676 585
13 461
396 199
199 514
682 711
290 699
57 7
137 849
814 460
455 319
129 451
635 58
687 628
291 732
339 913
406 32
529 298
169 608
520 651
736 988
288 760
728 190
895 65
57 396
188 363
298 793
707 615
326 387
974 107
765 481
839 489
623 669
362 132
479 408
702 955
994 33
574 382
996 217
422 843
251 232
797 108
856 873
706 896
128 27
9 292
979 416
484 519
242 46
145 519
605 519
752 260
578 70
90 748
959 518
459 521
416 180
827 948
275 897
245 34
803 233
158 436
641 335
50 170
63 514
816 358
141 695
700 574
472 840
94 287
944 372
429 452
332 300
224 158
693 675
777 655
113 576
10 260
309 305
378 766
964 853
707 987
466 75
67 747
737 757
728 25
699 721
399 471
835 176
411 628
845 150
232 440
812 751
263 487
190 896
110 876
116 475
968 192
729 69
827 395
663 438
948 824
842 267
417 528
72 520
176 17
653 215
410 995
981 850
207 175
852 288
943 289
344 193
792 426
687 582
573 76
141 116
682 770
697 505
756 796
42 200
4 482
362 926
265 794
694 357
627 815
360 268
693 344
168 142
979 323
396 71
917 912
567 712
893 718
482 650
670 72
118 648
639 444
21 529
33 77
769 417
897 323
229 473
94 996
256 619
717 712
348 352
177 96
334 911
507 899
297 958
160 196
313 52
351 263
251 174
902 738
410 38
337 967
304 903
849 109
648 405
464 788
708 403
510 24
924 707
493 444
907 789
846 416
517 71
356 118
300 655
447 820
264 424
604 293
457 147
931 278
884 790
15 358
441 960
802 150
63 646
377 670
375 576
620 736
439 111
952 450
403 400
555 960
334 786
488 257
554 870
474 378
446 935
718 902
220 501
939 877
469 233
437 863
320 954
523 584
593 191
373 21
710 950
425 310
432 69
100 927
75 234
35 887
185 837
993 693
942 630
143 563
695 81
554 901
231 694
664 403
873 891
983 545
400 552
78 180
836 831
68 893
669 638
553 13
605 177
761 521
283 597
906 305
365 300
896 543
974 911
267 157
717 10
494 921
146 976
541 889
938 247
684 312
192 497
335 404
404 165
334 103
884 291
542 477
939 352
768 779
527 917
955 572
590 862
819 156
677 386
385 635
158 914
329 185
931 689
166 659
228 411
351 917
806 195
895 635
220 55
133 248
424 480
244 493
854 520
363 199
424 618
328 583
899 448
287 289
883 718
581 709
301 585
812 180
211 497
545 463
299 451
56 755
571 752
465 767
307 914
471 292
286 90
50 837
331 72
62 917
156 56
772 693
161 987
226 328
159 419
367 649
567 919
719 325
411 34
402 633
253 706
368 746
352 661
611 600
554 740
368 575
493 814
614 555
99 705
205 809
786 591
89 417
129 136
783 902
172 684
591 122
865 345
417 175
247 432
160 895
83 449
677 672
834 388
71 741
179 942
921 167
366 691
716 661
498 985
8 62
259 182
76 915
723 560
899 412
375 560
272 356
607 788
365 192
128 600
346 694
957 873
166 17
643 681
413 783
721 843
676 107
161 798
892 134
202 839
4 535
128 81
395 709
498 100
497 47
704 100
370 308
803 690
945 168
740 575
525 454
809 933
840 902
428 554
627 267
362 397
325 871
609 348
736 780
797 556
727 724
512 211
936 236
793 77
484 939
827 678
838 802
489 441
765 522
148 276
573 585
245 450
965 993
230 583
853 913
281 377
484 795
61 186
369 484
815 697
724 803
452 821
832 446
197 72
586 38
753 102
704 106
962 307
217 410
463 71
819 538
264 911
89 556
935 875
586 669
639 579
725 781
278 944
174 400
599 981
843 538
270 852
854 614
681 882
435 107
866 116
177 565
748 660
902 881
792 358
471 954
548 622
848 467
436 910
370 552
743 402
382 468
832 260
266 920
275 69
804 245
619 798
11 349
882 184
517 616
943 576
831 275
339 799
339 952
218 209
575 784
271 998
404 503
930 102
518 232
22 485
225 685
671 112
543 696
621 742
980 860
549 978
358 460
775 845
123 801
55 401
59 715
136 834
980 683
689 116
856 84
405 617
970 690
395 125
618 144
250 925
94 536
914 55
803 755
809 609
639 640
338 431
934 896
781 860
707 46
736 513
927 736
601 311
963 238
423 913
275 586
799 415
716 228
257 677
382 32
96 58
999 696
199 42
421 206
338 325
69 853
874 187
240 237
405 462
26 911
224 43
82 239
205 98
6 438
491 697
751 904
424 219
698 981
993 884
977 724
252 418
357 317
474 700
903 393
28 967
835 216
474 634
981 227
488 836
763 203
154 36
840 204
542 845
141 375
188 278
364 963
516 537
867 163
216 947
104 350
226 814
304 306
284 401
383 367
695 804
296 654
399 599
718 470
901 742
342 659
348 41
503 641
420 711
312 244
518 716
63 875
267 398
792 335
61 634
497 326
887 442
825 856
275 663
41 495
519 209
371 42
674 710
897 396
919 840
665 569
283 762
469 34
299 775
248 620
945 689
874 155
480 967
594 661
291 224
522 176
901 833
952 687
58 360
963 345
229 932
318 422
30 799
676 857
614 746
27 362
114 831
192 659
572 55
411 59
494 455
660 570
193 194
582 75
602 569
410 629
190 548
299 556
874 424
372 478
453 113
197 250
894 765
993 402
178 283
367 531
412 761
720 887
323 280
46 599
793 378
742 135
822 414
548 463
311 907
727 694
723 792
651 119
829 72
687 926
726 574
766 48
894 628
314 743
781 787
498 523
709 69
848 759
140 68
133 923
307 980
611 287
511 998
296 73
97 188
968 923
571 99
265 897
109 498
873 224
340 413
238 872
233 951
609 290
833 354
817 887
798 688
262 356
496 907
340 424
607 908
192 263
228 212
391 834
593 879
594 464
558 124
236 285
734 225
437 464
128 854
432 599
653 657
330 896
671 857
5 78
938 765
107 220
718 592
549 680
934 861
585 461
116 710
950 418
299 963
141 231
118 88
618 392
41 109
5 203
988 380
469 941
727 253
928 894
27 780
20 469
139 682
38 253
851 916
78 262
370 297
502 103
446 513
508 615
495 146
678 786
410 462
31 675
201 632
757 547
950 401
429 453
164 454
702 185
370 36
957 811
256 510
818 480
717 726
660 584
761 125
828 373
949 559
455 869
670 70
935 301
456 460
356 84
763 254
299 522
851 929
267 12
81 152
308 237
434 687
854 391
949 401
24 482
403 211
321 272
816 928
591 535
802 202
976 881
815 474
636 28
393 366
303 424
849 102
787 797
562 922
663 217
414 517
395 948
22 382
852 366
885 436
605 166
572 999
382 808
302 534
523 513
21 130
159 844
254 571
611 85
168 322
737 834
886 673
619 105
481 84
263 452
243 880
355 862
130 125
878 772
442 134
403 793
116 735
470 69
225 964
801 429
959 130
114 462
895 640
491 39
311 761
250 34
930 689
72 133
685 690
589 541
450 372
773 429
662 949
398 592
114 367
129 504
491 982
810 98
466 888
17 250
962 721
213 796
685 847
32 465
664 791
786 288
681 969
553 498
733 98
838 871
83 516
165 772
246 806
377 27
633 563
877 658
737 649
124 211
651 352
379 649
352 133
366 289
220 114
528 238
623 649
824 397
305 777
965 203
533 262
605 692
996 616
272 187
904 846
119 12
929 962
195 772
108 972
28 767
143 699
798 164
701 873
752 126
537 820
562 221
58 236
548 1
931 577
40 549
126 18
68 370
792 203
123 901
995 397
823 422
420 670
60 529
29 142
213 42
893 954
875 849
50 933
346 324
398 564
885 127
26 579
864 142
328 457
191 482
511 109
708 641
611 833
47 853
575 310
692 862
140 463
731 977
672 862
880 65
882 919
288 688
334 977
646 383
34 718
183 450
295 1000
217 351
809 921
648 525
432 912
967 720
923 756
457 87
987 808
209 848
269 486
308 399
202 401
366 248
492 561
641 770
628 967
186 31
957 493
75 951
240 946
784 94
436 139
708 479
581 957
111 638
502 718
807 444
340 669
319 431
326 957
261 858
406 368
487 481
521 569
884 491
822 172
906 308
199 358
345 667
637 255
869 972
746 42
242 317
27 382
559 475
713 898
597 799
967 477
356 600
441 581
406 844
479 230
951 863
572 860
464 886
547 908
393 406
41 347
748 206
510 728
738 928
626 822
868 644
556 570
13 432
204 203
384 326
347 338
790 295
203 1
329 732
53 458
486 509
435 538
883 178
861 552
351 699
142 429
813 85
698 753
529 377
246 36
770 367
500 446
469 676
105 333
381 849
5 318
862 532
862 844
759 62
115 657
944 414
393 838
282 923
195 858
518 474
760 82
631 871
96 299
225 561
650 869
321 525
34 672
811 624
361 629
34 105
242 546
791 452
454 839
142 830
800 624
72 614
529 36
461 192
760 956
792 303
971 391
215 786
645 130
504 659
803 986
156 317
863 452
625 211
42 552
320 529
597 866
340 25
65 901
428 599
483 560
167 770
130 992
392 594
143 380
280 409
510 144
752 473
57 84
716 448
295 854
668 697
219 935
364 349
865 290
468 956
975 127
140 435
13 216
103 623
326 42
164 887
183 296
785 627
113 580
875 793
46 133
92 390
423 872
456 479
693 9
975 375
408 74
359 473
90 579
390 464
264 650
993 999
779 143
882 842
306 546
583 530
448 148
321 117
110 201
854 924
194 676
483 745
628 505
811 124
603 38
512 721
456 341
689 966
201 722
245 882
451 660
664 599
635 263
71 79
430 886
558 795
890 114
430 294
497 864
790 725
378 159
909 368
238 633
966 285
200 513
136 321
314 258
396 531
824 848
7 335
493 691
374 859
60 232
455 354
744 264
729 421
985 150
685 131
853 56
251 811
827 323
846 580
793 823
727 273
947 162
448 302
983 124
852 4
21 240
71 474
184 475
710 189
95 25
400 89
794 624
771 111
239 209
960 683
730 787
453 24
136 473
700 405
971 677
600 129
684 315
417 891
372 35
282 856
387 475
504 987
196 411
245 330
236 470
5 483
287 766
822 348
376 875
348 736
862 848
589 263
614 905
180 133
510 148
225 784
203 166
906 51
723 149
757 912
828 974
707 200
884 333
329 509
258 32
757 621
976 978
577 736
792 199
70 169
94 417
74 802
448 510
852 902
792 845
732 762
781 575
243 29
909 472
481 406
341 242
458 845
501 730
79 693
354 641
480 376
350 875
747 859
635 445
761 971
734 26
147 527
583 634
227 436
442 58
813 282
311 640
842 721
11 883
944 685
731 253
801 226
7 908
78 344
843 482
423 437
170 362
614 762
460 288
733 189
769 344
94 49
526 251
718 339
879 861
108 920
918 268
393 130
230 289
349 397
191 566
434 704
277 220
463 350
972 837
228 254
402 155
768 392
219 881
818 458
375 279
63 101
571 462
169 745
777 672
930 425
211 648
226 822
176 341
497 522
467 553
304 885
727 434
976 7
311 956
650 125
907 53
680 888
148 615
460 194
125 224
865 881
713 936
733 762
359 607
567 22
796 159
138 89
164 941
688 469
457 574
986 319
123 28
133 292
90 160
727 691
422 566
445 264
2 766
122 516
441 469
253 774
585 310
728 637
331 774
454 556
688 693
231 801
421 328
950 872
633 469
220 583
129 566
697 80
528 365
241 841
924 142
802 213
482 47
430 770
555 239
427 818
341 313
252 284
229 813
663 904
872 956
495 892
215 233
877 712
239 978
126 25
230 980
108 50
942 861
639 768
630 119
886 118
715 898
72 351
222 391
841 188
423 240
905 531
219 987
757 550
912 483
714 746
710 431
733 533
585 925
826 635
413 169
147 919
1000 802
697 163
468 191
208 686
609 631
253 163
170 878
955 987
135 223
529 983
668 481
148 759
578 43
405 480
69 898
351 868
44 654
908 218
332 272
642 131
169 33
880 506
499 672
972 297
551 400
369 563
996 36
908 47
927 924
173 567
629 375
289 277
992 164
941 492
942 733
427 283
573 505
985 528
211 72
821 435
405 120
330 709
289 468
770 979
922 77
446 566
202 836
971 946
370 675
422 664
91 782
759 760
850 641
920 21
820 947
505 924
963 680
718 234
849 647
795 997
542 750
351 210
84 400
481 167
688 402
786 224
730 799
213 674
947 52
112 147
646 141
32 51
669 902
890 599
692 794
407 516
725 662
247 220
152 977
927 566
588 506
159 873
631 475
195 489
456 753
612 150
740 252
562 405
753 428
324 928
206 941
326 397
857 771
668 394
369 418
898 587
970 815
941 294
835 125
213 672
102 54
618 714
651 993
78 361
84 849
594 358
19 957
309 47
534 186
294 85
794 366
785 551
34 466
389 937
734 412
114 89
62 836
654 770
395 309
747 944
291 364
889 903
948 603
373 203
525 77
825 764
395 698
516 550
602 40
667 846
107 110
122 407
903 480
338 21
986 314
34 455
578 694
750 285
918 891
178 39
789 850
722 736
7 641
578 624
42 537
513 597
321 957
931 890
914 588
64 971
559 412
312 644
823 123
608 209
700 871
892 836
759 895
256 107
920 670
129 798
520 109
24 222
422 750
797 861
857 283
558 278
598 871
421 213
167 103
18 911
737 327
794 18
349 83
717 488
386 517
352 791
112 634
828 206
774 257
533 83
281 613
775 319
255 796
201 68
996 918
202 273
354 945
13 219
457 599
988 315
686 14
680 503
408 591
338 588
820 633
200 652
426 320
490 498
518 809
374 338
733 438
337 367
335 913
407 878
259 69
804 128
402 518
371 73
329 23
554 352
850 39
806 4
340 162
377 85
950 904
940 525
726 239
152 461
482 321
488 7
247 610
433 400
381 393
35 234
17 20
606 61
597 837
730 915
868 612
829 458
630 872
814 188
337 221
155 627
287 216
485 710
910 974
439 320
928 891
284 823
162 558
844 189
162 163
332 782
521 65
685 494
251 481
69 587
379 543
739 48
241 255
294 433
606 904
409 712
519 747
100 101
274 996
517 727
534 412
202 770
597 371
318 958
254 785
632 367
34 590
151 178
564 207
769 592
864 351
478 484
309 502
350 240
433 482
535 767
534 762
746 548
190 860
177 757
989 60
150 419
719 357
722 176
610 480
434 546
597 999
113 8
273 493
823 395
594 861
416 925
119 766
919 457
952 766
75 953
880 328
730 30
262 441
67 805
398 262
75 160
744 879
795 50
452 871
564 872
86 615
955 793
295 220
513 281
266 157
314 468
850 718
638 9
48 402
4 141
472 385
768 282
436 555
158 161
811 994
597 605
530 736
484 677
164 226
469 184
333 545
807 96
934 277
95 801
718 829
486 864
750 815
789 205
796 130
643 801
107 20
973 494
585 158
862 635
238 939
848 179
317 817
663 1000
297 994
139 10
887 33
756 720
531 139
848 961
326 396
614 339
530 523
525 316
518 758
317 240
514 620
24 528
61 499
147 294
532 641
641 344
500 18
846 621
140 166
672 177
28 514
503 21
575 87
972 316
183 79
83 649
516 194
156 988
950 225
30 507
113 766
391 89
126 762
358 987
625 503
203 784
589 221
192 950
382 838
529 986
364 476
644 777
416 703
995 371
302 14
631 626
767 931
630 493
913 143
240 725
771 12
489 220
681 380
60 876
807 902
783 871
227 966
839 522
893 163
565 731
167 50
814 690
140 116
370 40
851 199
191 85
480 722
861 125
342 592
347 153
261 592
776 559
390 205
764 776
814 354
972 509
275 545
694 499
446 486
778 867
923 536
277 745
756 306
109 750
540 569
814 756
296 212
352 757
668 772
963 602
447 475
53 844
722 624
639 942
953 853
12 240
155 169
639 721
215 848
539 181
517 108
652 767
250 533
398 463
925 612
522 22
463 900
467 756
191 87
277 335
320 720
207 449
818 487
715 137
739 626
922 340
313 96
526 386
619 16
630 928
536 14
907 696
428 908
219 786
657 580
171 885
158 617
930 295
442 866
341 625
368 68
547 98
243 635
384 734
6 496
759 702
615 962
407 598
508 523
716 218
927 898
581 244
372 783
627 621
780 410
153 674
249 536
393 734
522 530
902 957
481 326
15 171
11 671
327 823
973 226
641 294
338 207
838 709
833 424
97 712
440 859
822 235
559 12
101 897
974 474
415 87
799 857
748 892
229 412
508 78
254 893
443 503
643 775
139 947
902 430
843 875
348 156
904 829
615 711
610 96
520 302
44 948
992 495
660 280
591 974
568 746
535 819
253 491
909 619
844 34
96 204
273 296
309 927
763 420
612 490
265 129
762 859
903 109
149 410
384 951
703 611
141 608
727 680
428 44
601 504
17 533
928 752
405 185
215 708
225 346
890 28
327 706
143 43
764 326
313 870
140 705
419 323
408 45
853 46
1 149
279 227
803 595
393 836
816 478
399 569
680 509
247 941
735 892
487 685
38 78
832 493
950 238
210 927
863 148
936 298
36 848
910 199
101 235
942 890
838 331
489 953
256 864
666 420
409 467
862 491
234 910
510 339
207 986
505 659
378 632
751 669
174 926
452 714
194 87
879 333
976 111
420 606
936 758
198 776
310 254
832 479
276 628
751 924
844 89
515 401
953 10
867 43
172 428
772 911
478 342
904 787
34 592
803 944
313 861
858 703
61 539
149 190
276 54
596 429
822 602
776 863
34 501
217 248
187 862
139 175
429 651
664 134
458 800
139 143
736 862
826 776
947 760
955 99
346 884
37 872
576 932
628 297
480 188
165 412
983 405
980 875
154 52
797 521
566 705
33 815
550 891
532 128
388 489
569 362
407 573
361 443
874 393
883 707
727 336
781 772
488 112
751 471
351 470
677 160
105 702
56 575
298 352
275 26
126 238
930 803
119 669
390 50
280 818
376 922
651 272
797 407
380 233
279 570
826 461
283 600
35 836
638 579
272 852
996 883
639 560
507 480
354 15
539 576
225 324
457 512
670 630
213 235
602 480
364 580
864 154
116 297
202 116
238 282
378 163
821 753
931 918
551 789
279 543
514 474
148 269
347 774
157 533
170 389
879 390
828 504
819 588
88 259
470 291
899 306
190 135
164 353
327 663
475 814
449 395
372 747
616 876
305 931
518 633
786 781
514 391
54 304
643 506
509 124
163 183
314 738
734 602
252 196
630 968
574 383
717 844
506 934
802 528
642 849
455 222
302 491
462 692
375 967
693 765
106 237
246 641
410 795
301 816
604 764
144 452
122 256
542 164
549 591
72 346
386 808
366 782
270 220
820 296
998 273
262 200
174 95
843 962
365 150
552 986
709 531
3 549
627 713
648 387
597 600
382 561
864 619
105 218
838 220
765 752
412 763
88 245
629 179
875 388
524 744
275 289
636 671
536 749
32 958
401 880
209 832
453 756
452 212
284 207
843 929
436 863
896 268
582 936
862 114
681 658
839 520
774 628
3 802
111 263
707 884
688 441
121 376
507 342
250 91
474 175
588 504
44 423
988 234
6 459
505 958
445 371
278 168
3 662
133 952
672 402
915 925
360 381
259 62
167 492
558 486
114 446
709 772
721 229
21 107
747 963
743 456
113 287
511 767
668 34
170 900
257 895
181 737
941 760
458 665
866 172
667 23
139 68
178 645
568 646
633 885
393 910
404 761
94 183
988 900
695 908
756 123
10 342
146 591
824 405
358 414
162 838
642 729
195 355
78 492
227 752
980 728
723 839
306 885
789 547
169 627
778 987
510 381
674 527
408 421
956 799
327 418
556 23
87 181
849 540
767 683
141 318
415 46
840 292
856 325
981 600
344 276
585 140
963 435
682 92
164 985
72 609
285 577
17 408
726 673
968 99
962 312
985 937
799 938
130 898
267 324
741 803
672 424
480 523
92 854
470 224
618 491
8 779
391 188
256 975
615 974
715 374
804 389
141 884
715 195
297 898
860 669
121 874
606 512
711 631
512 631
28 180
861 407
170 853
526 429
798 647
672 881
51 84
571 668
319 598
356 964
638 318
285 265
730 448
472 651
539 434
1000 831
348 98
419 334
53 534
399 836
575 900
585 949
74 323
571 352
628 497
318 931
861 682
291 964
995 50
946 697
687 346
45 859
682 252
349 756
239 245
149 290
350 46
360 930
578 647
719 606
279 143
356 542
969 223
866 89
579 918
104 491
343 790
146 423
715 654
876 248
892 268
470 278
95 756
831 835
17 157
501 426
458 268
487 413
351 872
349 826
880 656
87 760
403 128
335 44
90 315
434 518
506 276
841 348
328 892
15 603
503 10
81 968
546 465
775 884
815 883
948 586
155 706
955 641
911 689
336 362
755 183
900 853
741 450
8 355
758 125
536 681
299 578
148 473
590 857
300 56
300 687
721 7
652 445
90 164
458 199
916 126
698 658
580 331
35 881
725 739
463 689
456 141
433 963
977 791
554 535
989 818
925 413
61 536
745 25
359 747
274 968
495 303
151 451
331 522
495 504
449 514
110 851
696 977
142 53
348 746
833 656
282 104
618 235
100 170
612 854
471 725
743 624
649 358
161 621
402 197
954 313
328 954
116 960
353 79
156 6
731 818
564 575
1 991
471 817
852 592
933 648
701 244
131 757
393 869
8 488
505 788
348 278
277 37
548 772
848 219
267 855
795 347
65 369
166 817
675 589
121 224
119 716
111 541
255 152
147 603
421 175
314 802
467 801
513 764
88 288
868 330
830 562
75 442
453 323
431 523
289 496
856 653
902 588
725 391
39 176
524 988
433 844
493 106
595 421
231 749
513 207
7 687
935 991
319 924
420 59
282 232
555 563
269 703
390 504
201 484
259 588
93 850
369 650
418 565
938 47
129 330
335 937
901 69
318 594
617 592
490 601
293 939
261 414
670 75
311 76
833 971
570 435
567 775
614 111
852 656
953 281
700 790
771 500
117 987
801 479
1000 19
104 430
597 397
287 963
922 540
804 470
829 12
492 899
414 599
777 211
318 335
209 994
951 13
992 842
654 286
897 15
447 335
550 814
758 904
897 35
386 552
755 246
329 926
559 186
819 651
30 119
991 546
650 580
617 282
412 725
516 378
134 150
670 539
225 185
518 804
204 435
811 794
720 89
755 21
287 954
286 915
582 189
971 225
873 723
550 160
641 508
465 365
143 820
70 522
824 44
420 327
115 645
474 572
499 331
458 882
948 227
990 700
284 222
330 543
894 380
214 611
601 857
301 298
881 56
78 991
208 374
750 245
331 937
91 906
886 533
665 687
759 672
457 453
116 849
967 909
95 956
578 177
267 584
854 304
115 839
139 584
165 363
228 406
832 139
586 299
315 100
802 886
832 214
607 856
705 196
581 995
688 634
796 732
244 531
714 724
886 162
95 381
144 241
556 870
309 15
980 441
831 929
933 357
772 454
41 473
794 836
562 388
648 180
802 94
104 966
543 919
294 731
778 575
162 608
698 655
333 923
780 379
80 729
671 438
199 195
892 390
918 215
426 307
8 264
392 554
312 178
44 141
922 755
320 680
364 661
243 514
19 314
70 993
1 801
778 436
121 482
689 638
142 199
769 680
389 300
825 846
390 696
927 574
743 951
897 631
441 737
355 68
261 92
500 258
867 389
890 662
303 348
763 781
676 981
714 262
779 218
877 668
686 836
498 963
697 623
246 687
812 576
421 591
859 116
1 135
683 352
230 947
811 506
303 406
751 314
461 97
713 633
768 9
458 197
777 581
682 866
156 132
406 709
137 45
508 579
632 164
661 312
387 407
689 88
191 833
31 599
947 553
337 47
127 574
530 635
839 943
117 523
494 677
836 443
198 805
960 996
327 46
196 245
181 682
642 14
386 331
396 791
431 42
831 157
664 775
437 558
372 956
341 165
488 253
662 54
358 473
540 741
425 868
235 533
27 932
76 515
909 433
184 508
24 475
307 264
106 94
554 858
965 184
95 900
564 448
639 956
893 288
720 12
437 522
225 93
506 381
32 38
880 329
51 846
366 528
171 238
748 582
196 995
696 910
633 574
626 495
811 19
612 502
972 763
788 33
985 200
226 535
745 594
37 813
202 818
537 530
378 312
874 91
826 698
742 640
551 422
58 857
170 25
425 357
731 681
391 881
546 647
121 337
604 643
518 473
997 701
810 731
182 442
901 558
653 301
372 468
702 526
565 854
884 408
709 746
396 343
189 153
520 840
802 79
325 527
235 858
60 442
495 670
946 255
349 928
429 32
171 679
339 110
844 975
670 25
63 23
934 713
259 816
583 292
455 654
119 552
489 598
472 70
1 295
852 5
714 626
354 474
92 687
659 862
814 837
646 716
239 306
770 897
302 770
807 547
925 452
273 263
880 828
483 732
283 384
627 31
144 478
531 134
835 99
434 239
328 229
655 6
625 283
623 559
335 575
973 484
289 968
382 612
266 135
673 464
660 594
59 939
177 100
125 70
928 275
151 806
678 66
713 476
146 589
480 613
332 502
740 888
191 493
190 88
216 585
211 217
779 710
489 331
374 391
251 543
817 794
387 598
66 573
732 573
240 319
771 341
567 499
185 793
612 670
297 390
309 702
840 556
656 802
367 416
648 727
913 616
612 42
707 220
450 770
537 669
39 932
805 2
803 641
457 206
584 348
558 905
492 632
447 504
265 42
507 525
166 296
480 175
145 245
116 239
879 874
753 639
109 87
217 118
445 208
563 541
45 684
664 868
608 683
5 349
665 45
777 542
202 302
350 408
17 625
756 112
567 918
498 848
665 22
658 962
753 883
140 837
37 608
224 457
735 725
776 63
728 625
606 818
302 248
524 741
367 863
464 674
220 796
767 85
734 603
979 703
419 428
76 406
258 927
966 866
972 73
153 352
308 375
113 227
235 927
794 143
412 966
111 107
453 736
257 381
538 544
302 573
885 929
925 96
559 485
525 253
228 947
273 843
950 897
894 471
538 527
921 127
12 878
633 512
182 946
482 24
615 132
58 305
370 306
372 711
921 364
41 92
564 268
904 973
868 640
645 227
667 310
870 659
3 158
345 464
432 138
625 314
970 276
299 243
441 911
450 674
741 548
702 313
314 153
968 673
900 472
450 444
706 734
882 273
916 629
921 794
558 641
312 24
461 963
572 426
131 419
780 919
334 342
908 841
277 667
183 386
629 353
528 146
311 672
879 224
608 254
418 708
181 83
363 76
94 570
229 608
428 147
229 396
629 750
489 635
368 557
55 84
341 162
825 921
243 792
165 42
888 576
492 289
354 162
47 365
19 25
487 725
878 162
369 568
917 373
51 845
402 223
757 317
50 424
982 131
732 281
421 484
763 837
758 96
723 779
846 572
55 630
874 80
258 744
945 139
709 673
35 450
780 830
793 706
841 625
266 853
630 997
40 61
90 120
15 799
252 411
580 177
383 69
171 830
263 86
386 777
147 819
896 423
528 693
20 403
573 294
900 877
6 790
660 492
765 519
459 505
844 677
196 455
49 306
47 791
330 996
5 150
188 615
165 790
370 302
265 250
604 940
654 758
790 808
604 599
651 582
996 193
397 932
808 177
998 125
883 312
130 910
319 278
404 536
371 452
754 500
728 445
548 26
716 757
766 905
55 295
826 437
772 345
483 130
443 661
125 629
799 766
731 458
518 365
638 722
27 849
329 179
147 881
286 991
615 599
521 314
636 501
647 581
778 752
244 917
319 450
671 431
950 973
147 545
410 516
213 488
630 884
825 643
694 266
139 572
48 3
1 215
216 806
475 501
793 404
194 622
58 720
52 549
480 309
949 227
42 951
100 759
15 701
721 499
709 490
784 429
35 787
414 410
919 48
614 186
782 835
609 209
474 308
260 887
108 40
922 947
312 484
300 363
697 700
953 996
644 158
766 386
904 881
173 757
182 84
460 74
778 379
654 190
16 368
516 534
439 808
367 46
792 360
644 366
353 781
813 187
37 52
457 652
641 973
230 952
449 621
799 314
410 950
417 750
253 24
844 572
263 795
143 580
253 282
959 525
435 280
245 859
257 275
484 544
557 640
45 956
866 966
573 396
738 227
40 572
76 693
580 87
764 757
267 109
969 47
435 186
702 297
523 449
239 830
552 49
310 292
680 897
599 45
419 204
625 220
101 665
413 693
899 998
45 608
205 455
485 445
550 610
94 657
347 362
215 815
408 549
894 187
168 538
588 511
119 416
808 612
918 412
747 139
703 17
139 999
697 319
411 958
233 975
220 939
252 521
250 630
771 394
205 162
489 787
548 536
986 625
864 466
878 410
590 125
36 412
850 931
692 287
511 130
707 851
263 861
135 591
202 561
922 90
110 983
538 984
912 440
786 130
400 943
225 756
296 106
195 697
466 654
587 670
20 99
95 518
50 924
239 279
382 90
510 196
750 153
937 363
614 474
655 886
208 424
408 393
18 957
421 52
744 978
499 743
660 996
375 316
610 562
238 382
288 808
468 640
214 169
558 422
264 719
863 723
218 34
638 869
304 953
5 601
493 257
204 737
474 359
866 425
959 553
527 302
37 564
581 397
116 613
588 412
272 167
781 643
193 348
346 547
717 364
407 526
996 397
637 956
466 239
65 187
288 691
182 673
789 647
258 586
761 504
145 237
1000 824
903 50
631 600
819 135
155 145
988 671
25 249
501 611
583 286
864 736
10 594
250 553
575 435
927 915
124 742
136 308
468 775
720 801
822 83
677 260
541 365
747 990
226 726
52 444
166 463
24 821
45 176
515 525
209 719
908 344
596 896
237 709
530 717
160 471
611 853
928 532
397 179
914 852
150 464
836 628
4 501
296 330
264 14
344 746
138 769
681 140
581 790
512 730
350 56
266 774
294 105
187 782
350 592
768 322
323 166
617 788
603 280
481 749
996 564
177 223
873 12
441 149
208 523
837 408
323 254
625 227
848 739
13 282
748 135
715 659
600 272
107 503
847 770
107 471
707 768
425 966
439 738
352 313
994 602
129 400
145 256
296 343
776 810
792 978
617 739
537 278
355 269
558 57
528 120
298 615
317 595
243 661
102 106
922 733
142 985
163 226
825 139
107 951
810 925
592 522
532 109
893 609
797 403
215 813
481 158
752 826
979 112
907 50
767 820
620 679
429 97
961 11
749 843
596 929
417 224
565 674
504 702
118 550
964 585
928 658
236 358
303 771
421 577
34 436
792 775
903 506
453 545
385 226
756 155
91 507
317 875
472 730
373 564
781 970
335 278
41 439
478 244
801 127
228 908
839 731
893 142
645 31
849 245
920 992
55 383
901 915
335 735
983 362
252 747
576 378
533 638
88 977
387 488
753 835
145 800
856 944
451 693
238 986
158 301
455 892
424 947
809 327
538 222
929 141
223 815
605 439
203 741
714 22
159 603
261 48
621 109
97 619
739 3
778 817
576 289
594 908
471 595
193 490
314 975
759 544
10 844
470 303
852 489
917 514
201 851
542 58
412 24
950 31
792 4
585 755
723 32
740 983
315 612
642 253
481 701
614 736
239 331
806 970
908 49
613 7
34 806
911 587
76 682
212 615
547 567
40 52
116 970
122 883
237 101
425 590
59 219
425 382
631 428
727 316
607 939
917 434
900 315
27 169
928 269
348 240
5 595
75 42
844 931
698 76
948 990
727 765
561 25
213 628
551 886
588 40
935 418
576 941
211 61
971 548
692 697
59 202
70 417
128 129
768 58
547 20
622 703
102 107
994 801
322 486
574 728
468 347
109 106
744 695
717 389
505 133
65 550
858 326
629 30
77 990
18 277
464 652
326 541
73 239
233 16
376 713
606 537
660 850
870 438
4 518
18 128
11 367
999 938
472 530
97 403
855 4
729 714
82 107
977 619
190 531
660 15
683 208
755 301
445 855
522 741
220 433
508 553
835 445
164 182
813 82
466 23
799 768
36 289
746 856
472 354
302 303
254 628
433 468
438 811
237 190
2 480
717 428
422 668
243 771
130 682
989 326
163 239
61 716
685 535
445 310
41 628
595 748
357 514
349 153
271 806
760 48
44 477
335 744
693 171
426 972
719 60
891 385
4 384
552 697
903 384
180 205
968 947
796 462
400 823
753 129
520 432
132 266
786 667
22 296
525 337
333 646
344 391
422 711
886 231
55 45
215 743
980 976
424 105
338 510
703 163
888 693
687 251
150 82
223 89
16 540
140 13
43 963
286 648
30 504
110 27
12 954
307 411
267 337
129 654
192 360
349 151
804 614
562 599
402 218
917 324
282 134
383 360
233 324
490 348
975 518
452 211
505 144
139 823
481 73
403 593
75 313
754 170
417 639
270 66
65 38
588 767
712 758
815 296
582 393
899 263
546 405
297 258
854 87
364 178
408 64
890 268
30 129
68 789
850 64
265 177
86 244
84 229
555 764
298 160
925 141
7 667
369 296
261 109
67 757
919 695
52 893
494 318
549 62
809 262
577 499
730 718
808 267
882 403
102 53
522 804
552 515
728 780
426 895
199 20
892 936
89 750
377 8
491 489
861 203
779 693
37 913
368 947
112 163
883 871
487 110
388 377
762 517
524 401
787 989
515 996
726 162
881 236
76 888
135 5
374 843
845 475
955 277
10 400
850 663
797 175
510 113
391 763
214 622
565 939
322 475
531 340
190 100
678 951
200 925
923 380
313 295
385 559
685 911
992 457
512 829
989 365
383 308
271 465
391 901
195 609
112 858
102 988
179 675
274 487
133 960
629 959
16 808
393 233
400 179
71 823
376 424
68 565
631 7
525 595
924 902
722 564
911 248
695 557
560 889
747 749
409 929
899 331
696 928
317 891
459 220
843 57
425 828
531 471
790 460
895 144
458 146
522 479
300 331
339 13
960 832
655 763
380 704
777 140
346 766
532 678
998 401
370 832
608 412
123 120
678 104
659 244
953 370
272 725
320 651
785 69
220 654
44 544
140 374
161 122
654 142
838 104
25 580
392 820
490 609
446 182
584 960
349 4
244 652
302 596
704 601
575 988
874 50
743 479
399 452
771 153
545 751
982 536
281 89
889 993
630 61
387 318
752 994
330 155
938 808
278 206
650 814
784 6
99 352
974 459
612 765
627 26
623 333
904 756
76 234
613 755
213 829
484 977
184 952
336 534
895 53
158 642
365 838
220 662
86 774
130 180
769 74
119 532
604 274
435 345
362 597
504 733
547 540
514 933
389 509
905 990
974 541
131 814
232 523
884 470
324 459
700 805
986 843
968 853
55 484
38 275
255 820
184 908
885 646
665 164
686 640
657 407
139 679
891 378
287 998
475 1
754 778
500 722
491 647
212 699
174 317
74 709
493 187
869 35
382 893
938 993
67 856
22 696
977 775
222 743
246 770
687 365
607 672
536 431
287 687
792 90
586 939
725 897
234 266
495 833
413 705
640 823
223 728
780 654
803 12
673 890
995 627
113 204
431 821
679 448
2 478
278 427
563 962
17 553
251 13
639 760
410 275
363 920
257 20
253 71
957 737
744 564
107 674
45 428
870 233
434 649
874 699
118 977
486 944
61 967
582 204
274 333
102 927
728 801
812 44
116 767
367 633
147 998
739 729
484 956
196 251
969 279
657 774
235 193
812 48
864 472
727 474
164 860
738 114
902 234
423 828
248 667
396 117
667 244
361 660
147 977
685 780
214 552
927 239
599 59
371 166
396 475
190 245
796 760
1 417
393 645
7 634
927 738
232 238
108 336
956 805
162 905
973 492
148 134
65 236
728 626
708 84
827 679
273 484
601 577
756 310
432 983
682 334
172 203
908 465
783 312
749 956
879 837
262 527
811 389
297 106
846 731
959 719
183 842
335 41
80 929
294 319
287 586
940 931
613 33
43 534
531 676
610 809
601 980
558 924
718 390
283 95
91 963
412 450
96 598
790 128
241 62
33 267
264 352
145 664
362 612
673 462
317 343
422 174
206 74
413 540
219 49
836 949
13 619
785 915
76 681
146 311
957 661
545 210
389 39
852 331
66 272
308 647
847 199
714 138
973 742
976 842
961 404
281 698
125 425
993 474
871 301
464 914
246 886
328 461
300 21
840 190
760 861
521 600
996 493
300 938
83 454
185 344
574 775
873 983
405 136
512 173
610 720
167 627
314 627
180 293
755 358
711 63
492 840
601 480
160 299
603 359
491 775
409 334
354 340
740 947
159 486
389 296
492 939
318 312
638 959
112 159
713 345
583 352
334 520
90 959
801 122
197 12
658 206
300 119
604 134
246 117
372 965
227 79
595 122
618 661
121 318
461 242
78 670
187 654
700 870
152 178
225 19
724 510
267 628
742 143
237 637
481 864
359 728
15 832
839 901
833 60
283 833
143 144
234 252
665 898
330 858
183 803
599 127
932 196
117 67
334 923
858 345
120 612
234 348
206 768
356 539
762 197
408 87
682 563
78 387
442 588
883 106
187 878
151 638
414 978
462 945
441 669
483 835
85 174
921 542
663 20
994 512
632 653
642 491
607 876
786 352
475 379
341 622
48 204
813 66
514 54
636 435
964 235
960 802
13 742
608 462
494 505
603 616
38 216
416 102
438 767
754 714
996 174
300 144
850 288
325 307
167 462
259 233
26 785
161 624
544 996
56 199
928 523
441 529
791 783
520 916
340 296
507 185
801 666
720 432
784 317
632 240
607 332
467 671
366 537
841 876
224 669
414 920
471 394
327 212
337 698
820 701
424 881
534 698
330 852
234 826
14 844
784 880
434 230
60 348
16 364
281 604
492 117
503 295
818 408
365 486
481 783
956 481
181 760
611 651
496 899
958 386
357 730
421 338
713 115
317 544
761 215
99 215
481 21
120 454
888 584
795 609
174 241
426 156
574 368
954 382
550 840
798 865
761 911
173 611
861 905
962 772
850 184
215 380
550 143
601 352
225 526
527 858
620 873
751 273
628 682
879 663
914 512
296 674
975 877
937 886
784 529
554 523
922 40
427 294
876 340
289 910
554 446
514 383
671 177
45 915
710 245
504 135
776 902
659 742
970 701
937 270
589 671
827 223
912 756
72 927
432 405
984 40
580 922
602 850
927 697
566 354
777 710
8 859
265 865
92 741
62 537
746 582
375 516
88 503
21 161
583 421
479 993
782 733
603 750
593 921
232 598
50 484
948 741
755 527
533 714
380 818
617 15
462 353
453 195
15 7
176 250
230 21
852 327
433 697
946 644
28 493
820 413
626 509
997 148
35 174
357 220
623 791
972 286
744 126
842 685
966 909
386 782
875 508
986 116
65 759
715 207
390 226
2 193
275 42
934 853
126 481
389 738
277 990
985 352
91 39
914 97
283 226
494 234
636 787
498 176
711 530
360 402
231 329
779 734
620 448
99 637
595 833
835 318
706 902
58 55
41 153
842 210
483 332
395 70
244 667
910 64
244 522
43 116
637 344
849 799
359 465
63 694
983 834
674 533
725 610
744 274
899 492
719 862
704 665
869 732
578 967
918 729
592 82
227 998
727 494
392 371
779 808
493 833
880 772
181 549
410 786
118 666
949 683
773 487
795 408
606 44
625 491
584 973
384 436
336 353
722 271
632 275
500 974
584 700
614 283
612 377
514 787
785 854
940 77
752 779
136 459
265 936
111 442
19 430
983 614
163 891
486 768
72 207
927 475
566 780
233 499
145 901
365 881
819 866
789 420
123 620
178 687
518 528
60 20
129 881
653 349
641 257
389 340
962 849
562 820
745 643
576 566
500 279
949 419
597 549
581 930
765 186
39 353
344 27
261 77
335 682
641 612
808 473
734 247
35 368
711 244
986 397
565 520
567 402
656 719
379 929
194 719
558 906
663 151
707 674
940 93
296 538
185 630
278 475
851 236
912 772
84 389
642 726
753 188
828 909
604 611
667 511
53 987
135 127
567 534
613 825
73 811
127 230
113 829
643 167
348 259
846 41
907 313
852 980
267 742
12 654
546 789
13 952
306 42
326 346
468 770
184 571
923 848
23 949
495 305
540 388
949 672
643 190
518 858
665 470
559 19
499 841
49 461
931 169
987 332
996 413
103 319
229 642
959 794
855 8
435 178
499 730
660 438
484 583
967 505
394 347
785 110
413 391
942 844
992 3
243 909
457 335
529 618
518 564
998 971
913 218
400 146
400 242
724 940
961 76
543 296
565 401
107 623
433 59
668 614
284 518
429 809
840 431
249 960
116 225
531 155
305 250
591 135
804 96
916 42
813 643
6 484
889 491
300 349
150 273
753 603
588 559
125 590
446 1000
34 301
771 26
269 250
708 738
956 132
106 538
335 516
468 730
410 517
362 858
951 73
354 501
137 557
59 798
58 817
869 227
930 166
563 192
176 234
115 755
364 592
492 943
905 106
564 525
537 65
790 71
260 922
575 793
287 290
771 769
942 14
946 989
740 412
813 569
801 754
428 598
105 870
726 324
136 392
244 987
856 649
583 561
743 251
996 442
314 951
881 902
396 564
996 155
899 575
196 49
952 273
20 71
736 36
529 736
744 767
938 31
972 855
963 49
441 269
449 494
10 926
834 675
955 750
49 88
252 333
925 690
352 186
250 286
430 62
513 128
57 110
119 808
955 751
301 34
468 416
361 83
925 739
817 131
189 461
242 355
159 540
325 390
706 932
705 661
102 519
554 824
120 991
125 138
573 516
550 963
65 773
313 78
854 468
939 750
687 69
21 683
414 249
726 55
472 524
180 104
148 785
103 518
94 862
108 916
86 966
182 990
680 227
904 783
527 60
359 72
514 334
574 33
112 396
106 48
51 190
540 841
15 463
38 911
78 178
448 554
820 223
73 915
752 889
424 231
930 882
346 575
631 520
660 999
855 597
11 631
515 956
19 695
574 428
124 18
249 926
981 96
661 92
816 168
470 797
230 802
37 637
131 177
168 800
105 346
756 209
852 148
835 481
185 931
920 267
546 135
274 459
113 91
352 853
532 471
494 734
457 248
656 825
679 944
237 187
876 636
236 78
206 466
694 699
886 703
260 371
942 213
112 129
509 93
884 436
552 143
335 194
970 325
319 427
814 43
599 882
268 356
298 522
471 585
128 706
270 366
424 287
593 292
609 344
977 353
587 362
552 168
981 804
642 625
634 534
11 819
539 282
766 936
606 473
932 676
335 220
82 533
950 270
34 951
568 68
597 360
977 525
527 457
8 954
836 989
953 292
115 118
494 143
43 631
732 841
398 617
356 837
838 894
434 244
299 290
967 149
401 197
99 544
946 412
808 351
531 535
830 589
565 881
965 370
219 633
260 539
685 341
518 163
224 925
944 77
859 473
255 693
887 560
308 436
313 970
584 572
649 518
907 220
896 878
413 130
927 986
550 239
366 226
211 609
65 871
771 433
404 612
359 717
290 475
695 233
223 1000
613 319
16 17
577 386
256 760
862 752
429 297
179 370
746 355
142 170
904 459
202 954
280 830
877 113
654 208
642 788
867 178
286 217
631 179
207 779
506 367
693 210
690 680
388 534
28 635
565 399
339 748
210 392
101 446
722 886
619 164
689 924
989 623
547 160
248 836
452 754
572 128
114 605
615 879
879 131
514 28
868 896
345 884
321 256
335 922
694 119
815 914
10 315
766 686
935 165
622 680
804 203
419 303
881 186
542 565
69 922
354 461
655 424
36 761
877 703
399 37
339 404
449 785
144 419
700 892
78 452
501 437
806 597
608 176
119 362
326 773
591 977
263 350
565 576
586 515
885 573
955 216
994 378
226 661
879 557
838 41
289 60
302 8
467 14
411 369
907 583
880 706
631 6
736 934
464 199
923 633
558 106
534 63
366 48
153 191
801 118
306 305
328 955
126 570
155 838
995 979
652 574
651 729
809 256
880 856
683 799
106 13
751 352
636 813
99 342
371 736
45 148
759 894
206 803
761 763
247 132
230 304
145 92
91 56
658 788
292 591
101 770
426 804
123 408
759 81
541 175
541 602
922 167
781 656
961 952
969 109
45 499
381 502
896 672
189 640
953 331
56 368
15 454
288 748
61 506
183 603
276 659
340 346
73 124
941 394
479 287
494 863
78 637
788 574
623 186
919 93
189 891
666 940
640 389
610 470
880 415
306 671
93 804
875 319
217 134
914 206
815 561
437 384
343 689
261 523
518 871
855 715
799 949
802 979
510 480
644 585
735 342
671 708
929 387
269 109
412 846
87 612
76 842
852 860
846 798
723 206
758 785
620 267
447 74
477 42
836 63
577 20
4 329
697 544
529 323
722 64
332 895
74 705
55 485
933 590
394 313
356 71
648 144
275 225
8 106
858 420
262 475
192 840
681 432
481 542
739 933
982 685
283 622
381 991
100 228
369 109
602 96
302 243
597 562
595 273
450 435
272 567
453 740
762 614
325 54
151 534
660 873
42 78
713 74
99 369
547 574
975 689
856 895
571 368
831 851
59 649
130 604
898 739
633 152
19 508
335 656
784 278
853 351
524 657
429 961
927 105
220 591
526 129
179 839
823 579
434 157
328 502
189 209
906 423
268 585
61 221
358 311
461 796
696 715
276 547
803 503
43 231
140 714
75 424
569 390
887 222
458 494
565 909
628 551
793 552
963 714
139 933
399 769
895 335
156 403
645 494
961 804
294 994
690 617
966 686
382 102
410 478
357 833
121 506
653 908
959 908
651 77
404 958
535 391
574 344
842 322
271 229
212 948
736 844
624 579
841 318
941 248
572 898
264 652
982 531
467 268
482 466
840 581
800 730
583 571
882 655
42 321
60 918
849 351
203 222
821 134
767 902
374 111
785 186
23 595
247 265
95 439
589 288
69 171
886 896
703 655
313 170
745 417
541 204
347 644
127 417
614 163
21 581
788 663
924 512
159 124
355 726
836 420
319 183
932 626
233 204
783 921
338 522
749 184
75 6
114 825
448 227
77 183
987 404
394 969
1000 864
362 485
904 922
857 241
481 493
893 519
712 246
571 429
849 791
49 693
439 785
933 615
960 716
206 894
195 876
484 84
275 224
260 85
65 250
353 240
610 912
543 316
718 327
856 367
776 531
421 773
669 363
609 131
539 784
863 585
893 940
212 381
83 776
700 754
309 345
95 631
212 278
716 249
854 504
938 737
958 499
754 932
290 503
593 800
471 453
245 155
293 828
942 840
705 302
953 778
768 922
562 769
160 572
836 807
805 360
367 429
12 138
624 984
768 926
205 164
377 137
950 70
624 551
433 909
294 226
263 322
581 325
453 953
757 163
748 494
365 721
195 297
298 24
223 834
355 268
213 744
40 449
453 686
690 436
650 840
20 376
552 904
507 93
991 93
366 885
968 590
620 635
71 295
310 806
881 742
170 47
505 843
426 903
418 357
232 83
726 425
547 64
252 700
111 457
965 297
69 644
868 146
540 14
984 875
311 923
651 82
863 305
209 942
524 272
284 364
75 954
827 441
429 749
392 111
672 199
2 285
62 465
611 535
491 872
944 184
775 168
100 750
251 377
542 416
6 595
803 989
638 576
314 244
357 944
95 679
80 314
611 644
923 467
247 175
433 765
155 215
642 964
917 41
477 917
815 650
14 927
332 52
859 360
348 868
717 939
768 611
452 688
755 259
854 184
398 529
482 341
532 943
464 189
783 525
401 667
558 879
699 176
549 698
961 215
603 909
445 30
864 964
207 388
196 809
317 511
109 35
475 721
119 564
347 37
9 411
691 280
786 855
887 223
597 207
467 698
233 973
562 496
628 168
604 872
180 44
322 565
943 812
684 251
317 339
960 249
787 776
748 874
742 39
10 236
152 896
534 785
596 518
580 398
764 140
280 946
120 475
892 188
762 180
924 227
406 476
53 178
217 967
577 423
749 626
723 652
679 617
867 649
416 333
245 54
448 599
280 800
473 610
825 561
253 143
430 30
792 967
191 840
994 714
774 496
787 936
645 23
935 616
330 387
860 504
405 153
265 647
43 749
561 835
9 629
53 731
588 392
977 524
981 920
800 986
269 226
464 498
279 559
301 393
156 347
7 276
80 411
109 285
373 659
130 272
107 591
533 152
165 893
156 545
432 746
939 52
177 673
130 107
431 3
433 938
59 622
458 471
252 727
215 994
25 130
959 868
764 668
776 421
750 141
802 188
994 3
564 175
454 770
575 529
252 127
155 876
988 78
741 376
202 649
718 650
680 158
199 532
765 438
664 308
889 132
180 886
938 5
881 193
431 118
782 521
925 279
39 714
475 539
757 449
990 810
523 766
166 889
447 311
766 459
811 437
914 941
356 278
630 585
44 828
145 36
409 380
179 626
192 693
83 952
5 116
200 888
846 934
387 563
721 909
799 54
423 685
383 627
342 418
606 483
823 861
290 16
344 779
283 148
239 280
848 290
131 483
391 221
291 734
512 798
37 462
336 307
330 542
331 853
965 892
73 335
907 192
922 833
223 176
5 174
908 60
874 111
475 29
489 848
709 729
508 1
392 147
500 802
65 505
241 618
572 457
281 42
824 962
869 817
979 820
589 611
722 804
942 394
261 558
325 306
323 465
73 199
910 624
308 584
925 63
492 529
244 990
139 950
7 584
916 58
836 272
554 525
978 735
986 64
527 436
968 839
9 354
229 655
147 485
771 32
673 931
464 522
690 573
414 503
566 356
131 963
381 23
915 57
681 460
704 147
654 390
294 21
298 61
198 607
402 737
513 93
717 497
903 761
435 447
697 513
337 384
540 651
752 288
111 471
766 86
586 884
673 636
775 813
273 383
375 44
188 432
830 802
496 206
535 985
941 156
791 66
1 995
682 955
275 383
612 750
92 276
26 630
306 881
843 951
944 917
309 349
876 967
668 527
350 338
368 509
698 306
351 361
397 513
401 426
63 831
408 116
591 154
688 515
204 861
808 637
406 323
449 319
201 365
771 899
826 347
444 376
772 84
27 607
299 169
330 144
281 167
949 689
669 205
862 220
154 765
696 215
733 674
79 189
738 152
43 481
229 792
830 895
781 409
218 930
41 629
981 975
232 377
628 156
685 59
946 758
236 420
451 939
46 717
182 135
246 900
342 367
311 878
645 93
411 562
403 13
266 562
151 234
274 938
84 602
811 712
101 705
666 294
262 755
672 41
934 237
182 365
202 296
308 125
918 444
438 892
392 737
821 376
261 301
449 331
816 850
512 950
147 322
170 731
546 268
28 222
939 375
978 522
404 750
463 248
263 334
447 509
62 106
829 930
811 846
495 995
814 1000
421 533
982 631
800 344
433 608
600 467
767 601
766 383
325 43
185 495
229 350
180 291
161 463
625 786
739 692
23 44
253 618
110 895
209 337
916 963
204 266
656 104
712 340
365 64
932 101
668 450
440 222
251 804
178 501
693 390
638 878
742 598
518 865
757 861
473 360
174 475
769 928
919 392
487 794
14 413
816 591
749 66
491 985
894 392
310 965
976 60
368 374
662 332
316 702
979 300
191 105
423 341
431 441
738 513
205 47
90 861
868 936
587 335
103 16
944 849
357 997
431 973
889 311
881 917
346 879
363 29
465 140
261 534
969 703
621 497
917 128
838 632
145 354
790 465
273 802
763 813
347 711
359 749
538 441
622 157
457 666
789 363
125 646
467 449
308 461
846 73
825 644
821 712
119 446
499 104
739 189
306 238
98 375
9 116
250 179
394 504
137 272
663 466
883 247
911 166
946 602
97 130
372 746
425 664
553 648
35 512
758 973
889 351
955 655
553 251
883 325
274 564
596 301
118 908
649 170
997 824
300 981
95 426
782 189
330 954
941 160
440 606
969 563
375 837
140 147
587 588
590 663
326 256
950 623
723 878
658 399
799 861
998 716
290 764
517 735
186 927
948 484
673 296
991 290
185 435
323 887
101 889
47 944
703 761
246 34
752 51
73 20
910 250
718 772
757 988
940 984
200 738
247 394
306 815
106 155
747 288
581 782
385 228
777 200
495 563
545 110
843 284
586 829
434 501
782 897
137 119
43 387
231 970
875 240
491 751
324 50
392 56
697 382
468 306
381 942
735 444
370 806
705 107
159 16
962 969
799 670
30 484
888 24
526 423
358 778
974 938
545 778
381 436
255 151
340 14
640 339
206 299
993 167
901 328
50 437
416 618
559 352
998 214
711 57
789 109
560 403
335 939
663 410
4 142
600 309
703 215
987 170
664 504
625 909
341 256
5 138
773 995
859 409
180 21
665 746
10 831
685 159
537 146
913 237
851 624
262 599
919 509
446 265
377 363
354 487
279 851
545 934
409 855
774 194
187 77
575 286
464 181
85 907
952 937
297 320
87 648
856 771
317 593
148 505
479 320
90 703
853 466
313 947
76 814
948 447
417 326
18 330
80 431
356 212
30 12
853 247
469 19
204 173
869 346
365 268
257 555
15 762
70 111
905 646
997 575
68 822
408 483
265 661
354 931
743 437
191 42
607 148
854 404
413 937
897 168
700 134
654 612
725 59
483 469
895 768
123 982
890 546
253 813
302 511
306 666
983 488
921 975
906 471
331 97
143 176
875 192
20 640
27 354
949 421
723 928
468 376
626 896
880 754
975 678
311 961
372 817
853 505
934 109
855 755
484 239
640 685
744 896
528 617
141 800
415 886
229 86
432 276
266 94
528 360
186 724
224 314
329 629
645 572
385 452
478 35
671 69
614 813
481 331
374 155
943 469
836 572
215 227
743 350
247 982
103 939
169 221
93 359
649 148
223 866
589 787
542 824
532 566
467 910
308 801
234 986
125 83
889 817
492 559
637 573
382 884
991 790
51 378
435 850
718 983
389 604
148 1
881 836
178 473
401 549
121 253
427 909
975 56
700 740
780 714
388 805
498 171
251 394
657 822
535 754
890 232
86 625
477 318
22 113
272 925
744 131
808 679
390 323
326 897
459 31
757 934
323 417
193 41
166 42
991 490
665 814
435 42
957 386
963 534
908 955
589 335
31 787
282 438
206 920
223 493
906 187
261 839
544 83
644 223
942 188
724 699
834 286
340 988
904 810
71 665
990 135
421 966
426 17
790 685
944 694
762 601
517 869
882 364
974 440
331 438
222 823
399 1000
280 698
674 709
937 358
19 884
319 304
102 206
688 393
534 456
31 449
861 533
526 33
834 683
461 366
610 973
978 591
791 482
152 691
104 417
712 182
753 928
763 450
402 4
260 771
627 770
675 236
147 297
501 269
14 340
714 777
950 622
419 869
200 157
805 597
464 208
775 12
709 549
273 568
994 188
189 589
566 527
953 970
640 401
832 780
879 373
146 360
501 227
369 339
988 714
347 734
165 235
316 439
917 745
378 32
679 642
246 885
868 453
538 203
76 986
717 105
334 906
918 350
952 928
724 354
797 258
960 468
661 276
266 580
807 122
58 658
770 547
447 333
963 687
166 683
193 976
905 67
371 636
591 473
705 268
620 211
912 875
269 952
434 889
775 975
693 938
937 528
857 657
549 884
945 418
176 255
693 21
752 430
408 654
419 856
458 371
956 37
946 999
242 754
406 753
178 88
431 926
465 535
861 66
487 5
712 8
496 575
658 311
931 239
856 159
19 842
94 789
856 915
586 592
492 895
489 411
413 262
190 248
202 545
998 158
794 43
45 223
902 926
459 716
547 317
714 144
279 411
860 419
49 523
818 197
278 751
128 920
829 65
921 19
636 821
522 255
468 202
406 864
361 296
44 561
424 894
605 12
355 887
35 486
801 297
110 247
748 864
206 210
62 338
323 669
714 90
843 204
194 973
217 12
636 264
644 988
573 569
825 671
534 487
92 748
472 201
666 692
757 838
401 566
301 136
440 416
168 533
353 605
288 615
31 393
976 723
109 360
673 965
202 381
54 160
329 826
972 890
187 940
888 785
981 653
599 516
733 348
496 833
636 746
509 936
106 674
4 832
107 526
9 125
475 515
688 443
839 709
724 863
397 941
687 880
677 147
559 258
185 579
252 906
925 877
742 575
701 939
477 585
154 256
143 654
357 38
729 467
122 147
452 483
96 91
645 871
131 497
907 284
905 805
754 953
138 698
748 466
96 798
529 304
431 445
811 594
757 631
850 231
592 2
924 428
302 792
517 965
801 199
261 16
581 351
918 576
334 527
650 196
478 816
886 105
22 110
624 694
392 300
129 62
772 137
455 106
18 218
381 715
953 278
607 644
640 939
894 123
392 413
80 499
747 412
550 585
421 66
542 957
130 461
420 811
529 770
72 111
572 311
213 957
56 228
438 810
162 701
960 538
772 864
497 145
999 725
367 235
744 418
198 186
942 511
744 339
508 929
572 245
422 393
63 608
887 135
785 700
75 509
612 405
160 779
980 87
686 363
894 793
831 638
624 305
594 231
986 135
253 567
516 97
703 810
787 95
62 24
539 836
285 24
376 46
819 478
958 940
507 196
380 765
877 332
35 199
908 230
964 607
500 400
430 373
984 662
729 903
271 108
266 179
86 635
302 76
253 676
946 658
150 63
642 513
572 223
995 410
240 610
114 628
718 987
282 964
89 368
87 784
740 9
1000 627
863 100
738 366
787 267
741 581
518 54
66 443
907 454
847 576
450 43
722 549
409 534
892 893
411 150
924 978
837 153
441 418
152 142
618 965
283 869
337 400
957 436
214 252
930 301
129 355
953 690
494 163
882 792
127 685
258 310
633 310
843 80
984 961
749 158
202 862
59 869
14 823
89 793
782 890
956 818
212 934
527 926
868 921
989 947
54 178
89 876
984 367
405 571
401 606
93 764
794 326
618 97
182 463
308 251
673 138
329 229
523 514
719 564
52 914
379 781
935 989
625 355
199 167
310 669
238 194
919 526
380 371
693 982
195 512
232 939
214 708
45 873
113 609
706 736
533 365
605 486
391 138
20 29
462 775
800 814
454 631
734 483
934 872
918 938
777 746
931 637
344 70
592 775
696 813
128 609
825 130
958 696
459 608
505 138
668 878
433 832
334 636
284 419
741 460
210 811
649 904
777 53
153 27
325 618
445 301
546 575
218 300
584 14
632 434
99 423
463 8
751 439
746 749
169 922
518 427
423 229
591 762
878 893
956 739
46 393
776 132
645 995
593 723
494 634
911 155
785 555
121 543
535 913
90 94
729 898
384 444
421 740
491 108
145 187
266 619
786 585
64 397
502 744
121 418
344 970
308 695
912 291
197 254
283 454
548 876
359 117
550 113
777 118
133 910
170 384
983 864
713 83
531 827
61 370
821 875
672 64
853 380
970 817
229 433
453 883
8 255
182 621
295 645
347 943
953 888
257 787
121 351
762 243
361 796
60 383
170 392
788 221
929 249
978 617
136 232
291 265
254 243
280 274
74 937
471 194
994 449
582 402
26 466
573 908
494 137
586 50
338 118
499 984
768 672
831 144
417 393
820 595
844 757
639 262
720 727
1 690
295 234
564 784
756 943
936 871
229 363
547 133
493 955
889 286
346 557
39 433
631 651
380 195
404 351
150 147
473 767
233 79
882 176
232 889
758 796
523 729
407 611
897 894
983 613
659 49
357 541
946 783
222 730
474 477
760 395
713 699
927 430
277 914
491 874
437 633
33 794
755 172
811 55
291 916
789 638
28 125
370 896
216 366
779 485
505 157
966 939
666 344
414 765
668 220
600 333
49 407
887 479
283 368
932 829
125 958
908 75
509 827
930 577
668 430
182 161
534 845
498 368
900 402
763 63
980 498
532 227
255 184
207 283
628 693
876 587
696 824
779 450
567 517
9 260
239 994
947 524
48 983
803 112
785 115
568 388
793 858
741 367
350 423
215 825
264 963
159 719
766 140
970 912
349 229
519 632
886 876
894 986
707 858
111 637
326 37
475 283
476 935
950 674
107 840
19 392
603 464
83 313
82 301
529 905
71 747
560 863
856 670
93 336
118 304
275 721
841 288
693 423
308 539
254 867
509 381
386 698
559 199
879 377
304 561
278 520
17 97
480 917
396 603
965 577
348 629
775 229
29 458
703 279
940 856
114 981
866 692
103 842
667 255
53 366
305 515
133 481
304 232
212 22
531 151
750 449
537 439
888 351
674 955
58 45
17 695
410 279
371 917
139 987
269 796
73 899
968 792
275 890
890 932
336 25
326 190
901 500
581 868
128 135
814 867
555 619
210 938
574 953
946 531
984 858
123 52
256 507
643 21
551 489
556 567
687 850
940 363
135 112
393 447
122 820
571 346
406 488
488 842
32 169
37 766
89 758
742 958
855 883
783 959
588 139
493 605
277 358
149 25
692 564
218 465
76 18
320 445
571 678
368 968
408 295
244 505
168 876
28 176
889 522
920 446
969 9
202 907
253 376
561 681
167 474
423 701
54 952
250 861
939 308
91 852
247 138
44 595
637 974
992 442
12 561
628 698
902 692
797 121
578 456
705 891
249 267
605 145
522 184
388 907
968 952
55 60
745 590
535 637
291 554
157 365
631 859
171 308
852 255
407 841
1 881
318 773
159 223
194 532
238 89
251 768
72 749
654 63
110 48
85 138
391 333
50 466
120 603
614 873
295 112
373 538
323 68
667 723
443 538
36 548
123 907
34 399
638 246
33 696
511 251
163 542
918 111
919 950
21 573
195 723
452 689
422 455
653 578
264 74
348 309
92 859
80 493
926 948
219 23
430 86
79 864
796 588
238 412
539 553
142 328
572 942
282 369
79 410
819 290
154 904
106 12
419 803
858 109
759 515
154 982
422 767
388 348
698 461
49 511
965 367
516 21
271 664
688 248
19 37
415 774
31 878
830 742
709 763
842 190
780 91
731 389
722 207
174 197
773 317
887 258
146 899
181 958
700 127
33 744
910 485
679 388
720 932
544 227
368 340
81 602
646 239
806 687
9 829
730 634
828 902
449 618
111 957
184 550
859 843
872 882
277 947
724 289
144 354
53 389
628 193
256 48
794 971
71 168
305 503
628 729
925 363
456 781
207 368
367 117
841 848
727 992
108 896
948 441
816 171
616 137
145 784
394 391
977 696
1 519
663 873
103 390
120 279
718 921
569 987
121 229
453 650
298 455
839 37
464 89
13 471
642 949
449 170
95 588
260 654
953 89
561 487
446 678
146 131
475 813
857 869
505 281
793 765
647 934
769 617
265 417
976 916
161 970
882 837
21 31
834 109
883 89
605 2
361 479
88 248
244 230
170 325
642 925
771 17
689 19
541 79
627 396
328 337
432 286
88 413
768 699
273 456
175 965
341 107
486 616
368 722
129 750
229 881
132 295
994 793
288 355
538 284
461 987
119 594
275 293
968 121
117 492
430 56
780 430
875 416
98 247
310 607
806 734
296 822
657 59
38 10
955 883
428 642
695 576
204 119
184 782
619 240
41 507
156 481
940 877
700 462
509 671
453 266
794 379
401 449
500 274
952 862
603 486
648 611
478 649
83 471
90 727
26 239
975 485
156 869
870 227
691 345
973 913
391 661
620 992
174 786
514 351
171 910
427 923
598 497
23 341
685 301
704 382
925 853
909 95
945 818
966 527
192 576
290 221
31 201
577 818
30 991
943 386
971 583
27 708
981 870
564 758
877 232
601 918
896 900
400 599
304 548
917 905
707 141
293 944
457 191
482 289
817 238
642 761
199 835
106 803
14 195
533 888
411 403
250 383
98 202
789 805
869 244
410 926
241 655
543 423
23 434
649 934
278 414
207 97
161 791
880 916
248 130
348 776
86 697
305 36
618 293
404 939
321 573
316 16
385 565
614 805
780 370
683 668
692 961
440 425
440 921
216 459
220 578
451 1000
922 23
910 582
596 556
552 793
944 319
270 441
692 897
274 858
723 790
426 485
825 178
588 198
3 33
123 680
864 917
255 555
282 30
934 276
744 316
45 154
831 240
321 952
78 158
660 372
414 902
110 996
556 425
657 989
709 227
227 631
687 448
119 643
848 214
403 675
833 278
842 345
385 856
284 270
47 570
59 714
251 637
857 874
54 306
377 89
809 694
310 920
359 997
805 528
92 563
211 443
173 691
779 610
915 556
845 154
845 437
331 226
957 543
182 387
569 723
372 611
725 486
829 994
620 710
895 359
634 62
825 819
521 846
104 707
420 443
581 567
890 372
683 698
2 837
512 148
609 667
801 646
838 133
944 34
394 225
365 131
803 310
223 537
574 241
606 723
312 239
37 157
357 957
973 876
177 493
270 101
233 931
429 635
109 416
235 784
79 477
313 233
902 961
125 609
408 234
283 452
193 56
513 335
636 923
437 315
869 511
596 136
636 676
755 876
394 984
69 616
158 774
291 342
589 352
733 517
999 321
622 139
686 993
104 449
332 312
881 321
983 195
248 655
360 811
135 359
104 761
569 52
780 232
883 731
452 70
510 574
343 585
539 305
406 290
924 599
743 36
595 254
653 887
248 758
864 139
458 988
753 434
490 940
322 833
966 615
970 526
685 498
756 911
21 882
168 353
702 478
436 221
199 143
743 336
556 703
764 365
963 383
464 24
500 138
901 608
720 358
903 648
943 744
51 175
823 472
685 190
946 460
697 364
921 626
662 933
301 658
415 737
140 285
257 969
238 299
809 693
880 878
637 555
848 400
173 525
77 811
652 962
550 645
559 931
867 668
285 982
425 396
970 881
184 590
378 868
902 816
874 455
546 139
623 625
411 78
457 199
290 896
570 780
406 390
227 909
593 659
540 771
845 847
199 761
238 659
829 939
83 934
536 112
157 418
757 618
353 772
320 731
831 666
809 366
323 610
180 292
31 590
41 301
662 484
519 524
842 669
879 572
634 295
263 954
5 171
90 278
150 428
789 49
371 882
338 110
838 554
473 236
160 511
402 63
766 783
104 619
665 243
228 29
989 967
555 809
619 237
744 808
822 298
91 655
790 394
847 89
354 671
365 199
648 36
474 199
3 997
994 114
895 912
278 43
38 60
623 591
624 264
855 46
618 560
565 928
586 685
191 439
257 447
827 11
748 803
627 609
797 450
777 352
412 75
499 374
495 62
676 744
667 572
871 474
933 859
522 31
888 223
626 151
114 26
80 811
773 667
867 984
500 483
411 543
487 600
751 14
928 17
72 866
220 273
580 818
409 833
202 413
740 662
964 934
621 460
861 248
168 601
55 751
673 568
438 319
355 449
254 508
688 98
895 47
878 72
926 79
629 83
174 944
625 149
620 560
9 749
430 143
175 928
838 928
189 365
822 504
960 54
913 731
601 874
949 824
372 987
902 71
502 81
215 330
127 380
13 555
255 956
605 48
478 753
594 233
794 906
882 789
837 358
119 421
867 499
357 149
678 631
898 124
347 842
452 824
107 137
968 469
788 645
136 107
480 129
915 449
554 260
59 612
483 844
132 33
564 561
52 702
207 541
712 743
244 653
303 509
384 522
18 134
724 160
1 288
99 630
457 327
33 84
473 868
110 214
763 917
20 265
387 950
963 476
788 43
288 361
965 582
864 725
720 131
296 29
296 594
77 981
745 20
665 686
517 690
724 453
35 154
828 422
309 117
536 833
526 944
116 923
352 253
889 499
726 985
430 11
234 250
570 250
844 130
408 275
949 458
821 23
979 706
241 157
130 623
564 489
509 131
318 925
999 325
1 152
895 545
336 901
967 166
596 426
390 837
937 871
333 682
992 533
38 709
81 660
174 917
596 428
873 888
631 185
795 810
710 306
659 48
871 310
318 92
777 513
423 444
152 344
19 64
436 333
191 291
116 994
1000 666
181 777
773 457
320 212
766 921
467 64
200 304
91 975
183 970
698 804
515 868
500 705
3 679
221 995
358 173
326 353
641 33
192 924
761 427
289 470
704 774
373 201
189 171
320 218
66 916
653 556
313 817
932 518
714 493
787 323
475 136
269 129
162 531
960 384
952 263
64 878
54 223
946 459
654 599
562 951
187 8
369 770
408 556
319 512
291 489
852 984
946 133
644 940
132 549
332 741
320 375
294 809
257 181
993 232
184 889
391 531
146 24
339 568
318 361
506 603
915 183
788 295
750 310
182 214
466 262
146 479
263 805
781 437
881 677
106 195
426 285
698 152
728 975
889 757
543 944
927 576
873 714
414 629
958 93
42 816
53 461
519 192
422 539
264 361
527 194
787 436
143 748
436 114
880 504
423 228
350 935
772 859
399 676
946 356
24 884
686 936
922 624
662 552
602 753
223 71
261 205
566 907
145 811
879 988
230 982
694 336
812 638
86 122
160 137
944 306
27 496
377 441
668 683
11 775
125 496
395 439
493 230
906 315
959 122
417 630
434 659
840 210
509 953
850 757
123 678
308 386
404 71
803 187
5 32
373 990
65 800
968 860
54 448
30 77
326 828
269 708
206 596
828 159
732 863
944 9
65 884
921 493
297 78
693 183
223 126
357 635
761 878
539 11
121 115
845 84
818 370
162 692
20 19
519 675
172 515
535 778
707 340
336 639
502 395
377 836
888 407
591 595
762 778
145 724
502 939
558 922
770 854
744 965
442 111
593 71
306 929
923 193
107 356
178 369
150 815
765 388
983 936
525 55
844 682
502 985
955 4
769 164
658 54
556 471
663 674
583 1
375 771
221 545
997 357
608 941
548 175
127 273
212 764
91 172
398 343
68 332
349 725
642 582
232 313
280 937
502 531
948 611
185 714
376 377
227 350
504 335
701 794
628 480
344 819
526 767
38 750
552 428
364 695
648 586
832 87
445 418
224 446
945 728
905 376
421 494
387 294
408 818
521 66
94 555
429 771
56 619
181 547
939 66
388 957
141 852
457 173
331 961
267 447
605 670
72 718
289 869
755 573
767 397
512 103
367 366
539 264
235 757
291 216
434 335
459 17
607 397
557 411
360 253
694 872
39 645
883 722
220 955
201 578
637 827
226 146
802 412
906 383
674 166
846 902
